xlsx : [[15, 1, 0], [38, 1, 0], [85, 2, 0], [101, 1, 0], [151, 2, 0], [268, 1, 0], [285, 1, 0], [369, 1, 0], [585, 1, 0], [588, 1, 0], [728, 1, 0], [893, 1, 0], [951, 7, 0], [2085, 1, 0], [2354, 1, 0], [2819, 1, 0]]
xu : [[16, 2, 0.1], [74, 2, 0.1], [114, 1, 0], [121, 1, 0], [132, 1, 0], [170, 1, 0], [348, 1, 0], [417, 2, 0.1], [470, 1, 0], [477, 2, 0.1], [480, 1, 0], [551, 2, 0.1], [636, 1, 0], [715, 2, 0.1], [734, 1, 0], [737, 2, 0.1], [783, 2, 0.1], [1037, 2, 0], [1072, 1, 0], [1167, 1, 0], [1298, 1, 0], [1357, 1, 0], [1430, 1, 0], [4360, 1, 0], [4398, 2, 0.2], [4406, 1, 0], [5092, 2, 0]]
xjennif : [[33, 1, 0]]
xing : [[47, 1, 0], [420, 1, 0], [745, 1, 0], [1336, 3, 0], [1613, 3, 0], [4344, 2, 0], [5030, 2, 0], [5107, 2, 0]]
xiao : [[54, 1, 0], [121, 1, 0], [202, 2, 0.1], [258, 1, 0], [276, 2, 0.1], [319, 1, 0], [420, 2, 0.1], [531, 3, 0.1], [541, 2, 0.1], [551, 2, 0.1], [630, 1, 0], [720, 2, 0.1], [799, 2, 0.1], [1157, 1, 0], [1201, 1, 0], [1263, 1, 0]]
xi : [[57, 1, 0], [111, 1, 0], [224, 1, 0], [231, 1, 0], [262, 1, 0], [367, 1, 0], [442, 1, 0], [575, 1, 0], [745, 2, 0.1], [800, 2, 0.1], [1037, 1, 0], [1170, 1, 0], [1183, 2, 0.1], [1244, 1, 0], [1263, 1, 0], [3596, 2, 0], [3780, 2, 0], [4371, 1, 0], [4398, 2, 0.2], [4406, 1, 0]]
xavier : [[77, 1, 0], [87, 1, 0.1], [127, 3, 0.2], [143, 1, 0.1], [311, 6, 0], [317, 1, 0], [466, 1, 0], [531, 1, 0.1], [630, 1, 0], [699, 2, 0], [800, 2, 0.2], [1252, 1, 0], [1268, 1, 0], [1336, 1, 0], [1613, 1, 0]]
xs : [[84, 1, 0]]
xtal : [[87, 2, 0.1], [246, 1, 0], [317, 1, 0], [700, 2, 0.1]]
xiaoli : [[98, 2, 0.1], [121, 1, 0], [350, 2, 0.1], [551, 2, 0.1], [734, 1, 0], [739, 1, 0.1], [800, 1, 0.1], [821, 1, 0], [1270, 1, 0]]
xd6 : [[115, 1, 0], [799, 1, 0]]
x1 : [[118, 2, 0], [207, 1, 0], [213, 1, 0], [307, 1, 0], [387, 1, 0], [450, 1, 0], [475, 1, 0], [538, 2, 0], [664, 1, 0], [795, 1, 0], [881, 1, 0], [1203, 2, 0], [2317, 1, 0], [3770, 1, 0]]
x2 : [[118, 1, 0], [207, 1, 0], [213, 1, 0], [307, 1, 0], [387, 1, 0], [450, 1, 0], [475, 1, 0], [538, 1, 0], [664, 1, 0], [795, 1, 0], [881, 1, 0], [1203, 1, 0]]
x3 : [[118, 1, 0], [207, 1, 0], [213, 1, 0], [387, 1, 0], [450, 1, 0], [538, 1, 0], [664, 1, 0], [795, 1, 0]]
x4 : [[118, 1, 0], [207, 1, 0], [213, 1, 0], [387, 1, 0], [450, 1, 0], [538, 1, 0], [795, 1, 0]]
x5 : [[118, 1, 0], [207, 1, 0], [213, 1, 0], [450, 1, 0], [538, 1, 0], [795, 1, 0]]
x6 : [[118, 2, 0], [207, 1, 0], [213, 1, 0], [450, 1, 0], [538, 1, 0], [795, 2, 0]]
xin : [[121, 1, 0], [470, 1, 0], [1049, 1, 0], [2317, 1, 0], [2610, 1, 0], [2936, 1, 0], [3770, 1, 0]]
xor : [[143, 2, 0], [356, 2, 0], [403, 7, 0]]
xiangxiang : [[160, 1, 0]]
xx : [[175, 1, 0], [253, 2, 0], [575, 1, 0], [4394, 2, 0]]
xml : [[191, 1, 0], [250, 1, 0], [773, 1, 0], [951, 2, 0], [1106, 2, 0], [1109, 1, 0], [1196, 1, 0], [1244, 1, 0], [1299, 14, 0], [1300, 2, 0], [1302, 3, 0], [1353, 1, 0], [1388, 1, 0], [1577, 1, 0], [2085, 2, 0], [2337, 1, 0], [2525, 1, 0], [3059, 1, 0], [3556, 1, 0], [3660, 1, 0], [4371, 6, 0.6000000000000001], [4778, 2, 0], [4784, 3, 0], [4811, 4, 0]]
x7 : [[213, 1, 0], [538, 1, 0], [795, 1, 0]]
x8 : [[213, 1, 0], [538, 2, 0]]
x9 : [[213, 1, 0], [2085, 69, 0]]
x10 : [[213, 1, 0]]
x11 : [[213, 1, 0], [795, 2, 0], [5152, 3, 0]]
x12 : [[213, 1, 0], [795, 2, 0]]
x13 : [[213, 1, 0], [795, 1, 0]]
x14 : [[213, 1, 0]]
x15 : [[213, 1, 0]]
x16 : [[213, 1, 0], [307, 1, 0]]
x17 : [[213, 1, 0], [795, 2, 0]]
x18 : [[213, 1, 0], [795, 2, 0]]
x19 : [[213, 1, 0], [795, 1, 0]]
x20 : [[213, 1, 0]]
x21 : [[213, 1, 0]]
x22 : [[213, 1, 0]]
x23 : [[213, 1, 0], [795, 2, 0]]
x24 : [[213, 1, 0]]
x25 : [[213, 1, 0]]
x26 : [[213, 1, 0]]
x27 : [[213, 1, 0]]
x28 : [[213, 1, 0]]
x29 : [[213, 1, 0]]
x30 : [[213, 1, 0]]
x31 : [[213, 1, 0]]
x32 : [[213, 1, 0]]
x33 : [[213, 1, 0]]
x34 : [[213, 1, 0]]
x35 : [[213, 1, 0]]
x36 : [[213, 1, 0]]
x37 : [[213, 1, 0]]
x38 : [[213, 1, 0]]
x39 : [[213, 1, 0]]
x40 : [[213, 1, 0]]
x41 : [[213, 1, 0]]
x42 : [[213, 1, 0]]
x43 : [[213, 1, 0]]
x44 : [[213, 1, 0]]
x45 : [[213, 1, 0]]
x46 : [[213, 1, 0]]
x47 : [[213, 1, 0]]
x48 : [[213, 1, 0]]
x49 : [[213, 1, 0]]
x50 : [[213, 1, 0]]
x51 : [[213, 1, 0]]
x52 : [[213, 1, 0]]
x53 : [[213, 1, 0]]
x54 : [[213, 1, 0]]
x55 : [[213, 1, 0]]
x56 : [[213, 1, 0]]
x57 : [[213, 1, 0]]
x58 : [[213, 1, 0]]
x59 : [[213, 1, 0]]
x60 : [[213, 1, 0]]
x61 : [[213, 1, 0]]
x62 : [[213, 1, 0]]
x63 : [[213, 1, 0]]
x64 : [[213, 1, 0]]
xxxx : [[238, 1, 0]]
xed : [[255, 1, 0]]
xjtu : [[262, 1, 0]]
xxx : [[276, 3, 0]]
xcs7 : [[282, 4, 6], [937, 2, 0]]
xia : [[307, 1, 0]]
xiaofeng : [[350, 1, 0.1], [364, 1, 0], [1101, 2, 0.1], [1270, 1, 0], [4371, 2, 0]]
xinyang : [[357, 2, 0]]
xv : [[364, 1, 0], [575, 1, 0], [975, 4, 0], [2799, 1, 0], [3112, 1, 0]]
x3033 : [[367, 1, 0]]
xl : [[398, 1, 0], [543, 1, 0], [595, 1, 0], [631, 1, 0], [951, 5, 0], [1133, 1, 0], [1324, 4, 0], [1930, 3, 0], [2085, 1, 0], [2863, 2, 0], [3686, 1, 0], [3855, 2, 0]]
xiaojin : [[444, 1, 0]]
xpo : [[456, 1, 0]]
x178 : [[475, 1, 0]]
xk : [[477, 1, 0], [1351, 1, 0], [2317, 2, 0], [2522, 1, 0], [3112, 5, 0], [3770, 1, 0]]
xaa : [[485, 1, 0]]
xab : [[485, 1, 0], [5450, 1, 0]]
xac : [[485, 1, 0]]
xad : [[485, 1, 0]]
xae : [[485, 1, 0]]
xaf : [[485, 1, 0]]
xag : [[485, 1, 0]]
xah : [[485, 1, 0]]
xai : [[485, 1, 0]]
xiaom : [[505, 1, 0], [892, 1, 0.1], [1166, 2, 0.1]]
xyear : [[535, 2, 0]]
xifara : [[538, 3, 0]]
xm : [[548, 1, 0]]
xn : [[548, 1, 0], [828, 1, 0], [1203, 1, 0]]
xat : [[548, 1, 0]]
xxi : [[575, 2, 0]]
xii : [[575, 1, 0], [1194, 1, 0]]
xiii : [[575, 1, 0], [783, 1, 0]]
xiv : [[575, 1, 0]]
xvi : [[575, 1, 0]]
xvii : [[575, 1, 0]]
xviii : [[575, 1, 0]]
xix : [[575, 1, 0]]
xylol : [[604, 1, 0]]
xiaowei : [[617, 1, 0]]
xstab : [[631, 1, 0]]
xsen : [[647, 1, 0]]
xacc : [[647, 5, 0]]
xgyro : [[647, 5, 0]]
x3023 : [[660, 1, 0]]
xie : [[685, 2, 0], [1015, 2, 0], [1326, 1, 0], [1336, 88, 0], [1357, 1, 0], [1359, 1, 0], [1400, 1, 0], [1430, 1, 0], [1451, 1, 0], [1476, 1, 0], [1538, 1, 0], [1552, 1, 0], [1596, 1, 0], [1613, 97, 0], [1766, 1, 0], [1851, 1, 0], [2111, 1, 0], [2141, 1, 0], [2334, 1, 0], [2877, 1, 0], [2926, 1, 0], [2947, 1, 0], [2978, 1, 0], [3629, 1, 0], [4371, 6, 0], [4437, 3, 1], [4446, 1, 0], [4449, 1, 0], [4471, 2, 0], [4475, 2, 0], [4494, 1, 0], [4530, 1, 0], [4537, 1, 0], [4619, 5, 6], [4620, 1, 0], [4695, 2, 0], [4727, 1, 0], [4800, 2, 0], [5175, 1, 0], [5179, 1, 0], [5203, 1, 0]]
xp1000 : [[745, 1, 0], [835, 1, 0]]
x2bar : [[821, 1, 0]]
xybar : [[821, 1, 0]]
x2ybr : [[821, 1, 0]]
xy2br : [[821, 1, 0]]
xegvi : [[821, 1, 0]]
xf : [[828, 1, 0]]
xre : [[828, 1, 0], [2170, 1, 0], [3315, 1, 0]]
xle : [[828, 1, 0]]
xrm : [[828, 1, 0]]
xlm : [[828, 1, 0]]
xx1 : [[881, 2, 0]]
xx2 : [[881, 2, 0]]
xipe : [[897, 4, 0]]
x1x1 : [[951, 1, 0]]
xttbar : [[951, 1, 0]]
xico : [[972, 2, 0]]
x10jupit : [[996, 1, 0]]
xj : [[1126, 1, 0]]
xiaojian : [[1126, 1, 0]]
xz : [[1138, 1, 0]]
xxxxx : [[1178, 1, 0]]
xiaoyong : [[1244, 1, 0]]
xiaoj : [[1252, 1, 0]]
xyuan : [[1252, 1, 0]]
xiang : [[1263, 1, 0], [1336, 1, 0], [1613, 1, 0]]
xquak : [[1276, 2, 0]]
xqueri : [[1298, 1, 0]]
xeditor : [[1302, 1, 0]]
xiaohui : [[1326, 1, 0], [1336, 2, 0], [1357, 1, 0], [1359, 1, 0], [1400, 1, 0], [1430, 1, 0], [1476, 1, 0], [1538, 1, 0], [1552, 1, 0], [1596, 1, 0], [1613, 2, 0], [1766, 1, 0], [2111, 1, 0], [2141, 1, 0], [2926, 1, 0], [2947, 1, 0], [2978, 1, 0], [3629, 1, 0], [4371, 6, 0], [4437, 3, 1], [4446, 1, 0], [4449, 1, 0], [4471, 1, 0], [4475, 1, 0], [4494, 1, 0], [4530, 1, 0], [4537, 1, 0], [4619, 5, 6], [4620, 1, 0], [4695, 1, 0], [4727, 1, 0]]
xenopu : [[1336, 3, 0], [1613, 3, 0], [4800, 1, 0], [5179, 1, 0]]
xbp1 : [[1351, 1, 0], [1396, 6, 0], [1398, 6, 0], [1550, 1, 0], [1913, 1, 0], [2170, 1, 0], [2317, 1, 0], [2360, 1, 0], [2522, 1, 0], [2610, 2, 0], [2799, 7, 0], [2936, 2, 0], [3112, 7, 0], [3169, 1, 0], [3201, 1, 0], [3214, 1, 0], [3315, 1, 0], [3570, 1, 0], [3668, 2, 0.7], [3670, 2, 0], [3770, 1, 0], [4155, 1, 0]]
xpo5 : [[1351, 1, 0], [3169, 4, 0]]
xrn1 : [[1351, 1, 0], [1396, 4, 0], [1398, 4, 0], [2317, 1, 0], [2522, 1, 0], [2799, 6, 0], [3112, 6, 0], [3214, 1, 0], [3770, 1, 0], [4328, 4, 0]]
xrcc2 : [[1351, 1, 0], [1396, 2, 0], [1398, 2, 0], [1841, 1, 0], [2112, 1, 0], [2317, 1, 0], [2522, 1, 0], [2610, 1, 0], [2799, 10, 0], [2936, 1, 0], [3112, 10, 0], [3214, 1, 0], [3770, 1, 0]]
xpo7 : [[1351, 1, 0], [2170, 1, 0], [2317, 1, 0], [2522, 1, 0], [2610, 1, 0], [3169, 1, 0], [3670, 2, 0]]
xrn2 : [[1351, 1, 0], [1396, 4, 0], [1398, 4, 0], [1458, 3, 0], [1550, 1, 0], [1913, 1, 0], [2170, 1, 0], [2317, 1, 0], [2522, 1, 0], [2531, 1, 0], [2799, 4, 0], [3112, 4, 0], [3169, 3, 0], [3214, 1, 0], [3315, 1, 0], [3570, 1, 0], [3670, 2, 0], [3770, 1, 0]]
xpr1 : [[1351, 1, 0], [1913, 1, 0], [2317, 2, 0], [2522, 1, 0], [2610, 2, 0], [2936, 2, 0], [3214, 1, 0], [3670, 12, 0], [3770, 2, 0]]
xiap : [[1351, 1, 0], [1913, 1, 0], [3670, 2, 0]]
xpo6 : [[1351, 1, 0], [1841, 1, 0], [1913, 3, 0], [2112, 1, 0], [2170, 1, 0], [2317, 2, 0], [2522, 1, 0], [2610, 1, 0], [2936, 1, 0], [3169, 1, 0], [3214, 1, 0], [3315, 1, 0], [3670, 26, 0], [3770, 2, 0]]
xpa : [[1351, 1, 0], [1757, 1, 0], [2317, 2, 0], [2610, 2, 0], [2936, 2, 0], [3169, 3, 0], [3670, 6, 0], [3770, 2, 0]]
xylt1 : [[1351, 1, 0], [1757, 1, 0]]
xkrx : [[1351, 1, 0]]
xlr3b : [[1351, 1, 0], [1913, 2, 0]]
xrcc5 : [[1351, 1, 0], [1396, 2, 0], [1398, 2, 0], [1458, 4, 0], [1550, 1, 0], [1841, 4, 0], [2112, 4, 0], [2170, 2, 0], [2317, 4, 0], [2360, 3, 0], [2522, 1, 0], [2531, 1, 0], [2799, 15, 0], [3112, 15, 0], [3169, 3, 0], [3214, 1, 0], [3315, 2, 0], [3570, 1, 0], [3770, 4, 0], [4155, 3, 0]]
xlr3a : [[1351, 1, 0]]
xrcc6bp1 : [[1351, 1, 0], [1757, 1, 0], [2317, 1, 0], [2522, 1, 0], [2531, 1, 0], [2610, 1, 0], [3169, 2, 0]]
xpo4 : [[1351, 1, 0], [1757, 1, 0]]
xlr4c : [[1351, 1, 0]]
xlr4b : [[1351, 1, 0], [1913, 2, 0]]
xdh : [[1351, 1, 0], [2531, 1, 0]]
xkr8 : [[1351, 1, 0]]
xrcc4 : [[1351, 1, 0], [2317, 1, 0], [3770, 1, 0]]
xhx : [[1366, 1, 0], [1404, 1, 0], [1426, 2, 5], [1451, 1, 0], [1538, 16, 0], [1552, 31, 1.4], [1613, 66, 0], [2111, 10, 0.4], [2189, 1, 0], [2193, 1, 0], [3478, 1, 0], [4252, 1, 0]]
xiuy : [[1381, 4, 6], [2282, 4, 6], [2600, 2, 0]]
xylt2 : [[1396, 5, 0], [2317, 2, 0], [2522, 1, 0], [3670, 2, 0], [3780, 8, 0]]
xylb : [[1396, 3, 0], [1734, 1, 0], [2317, 2, 0], [2522, 1, 0], [3112, 3, 0]]
xpot : [[1396, 2, 0], [1398, 2, 0], [1841, 1, 0], [1913, 1, 0], [2112, 1, 0], [2170, 1, 0], [2317, 2, 0], [2522, 1, 0], [2583, 2, 0], [2799, 3, 0], [3112, 3, 0], [3201, 2, 0], [3214, 1, 0], [3315, 1, 0], [3670, 4, 0], [3770, 2, 0], [4328, 2, 0]]
xpo1 : [[1396, 10, 0], [1398, 10, 0], [1550, 1, 0], [1841, 1, 0], [1913, 4, 0], [2112, 1, 0], [2170, 2, 0], [2317, 4, 0], [2360, 8, 0], [2522, 1, 0], [2610, 1, 0], [2799, 38, 0], [2936, 1, 0], [3112, 38, 0], [3201, 2, 0], [3214, 1, 0], [3315, 2, 0], [3570, 1, 0], [3670, 12, 0], [3770, 4, 0], [4155, 8, 0]]
xpc : [[1396, 2, 0], [1913, 1, 0], [2170, 3, 0], [2317, 5, 0], [2522, 1, 0], [3112, 10, 0], [3770, 1, 0]]
xrcc3 : [[1396, 2, 0], [1398, 2, 0], [1550, 2, 0], [1841, 1, 0], [2112, 1, 0], [2317, 1, 0], [2522, 1, 0], [2610, 1, 0], [2799, 9, 0], [2936, 1, 0], [3112, 9, 0], [3214, 1, 0], [3570, 2, 0], [3770, 1, 0]]
xenobiot : [[1396, 2, 0], [1398, 2, 0], [2799, 1, 0], [3112, 1, 0]]
xab2 : [[1398, 2, 0], [1841, 1, 0], [1913, 4, 0], [2434, 1, 0], [2799, 6, 0], [3169, 2, 0], [3201, 3, 0], [3214, 1, 0], [3315, 1, 0], [3670, 2, 0], [3770, 2, 0]]
xrcc1 : [[1398, 2, 0], [1841, 2, 0], [2317, 1, 0], [2531, 1, 0], [2799, 13, 0], [2936, 1, 0], [3201, 1, 0], [3214, 1, 0], [3315, 1, 0], [3770, 4, 0], [4155, 2, 0]]
xrcc6 : [[1398, 2, 0], [1458, 2, 0], [1550, 1, 0], [1841, 5, 0], [2799, 15, 0], [2936, 1, 0], [3169, 4, 0], [3201, 2, 0], [3214, 1, 0], [3315, 2, 0], [3670, 4, 0], [3770, 4, 0], [4155, 4, 0]]
xhxielab : [[1451, 1, 0]]
xpgradsup : [[1566, 1, 0], [3728, 1, 0]]
xrodrmpgmntd : [[1566, 1, 0], [3728, 1, 0]]
xrodrmpgmntb : [[1566, 1, 0], [3728, 1, 0]]
xrodrmpgmntg : [[1566, 1, 0], [3728, 1, 0]]
xopioidr : [[1566, 1, 0], [3728, 1, 0]]
xie05 : [[1613, 2, 0]]
xist : [[1636, 1, 0], [3670, 4, 0]]
xxylt1 : [[1734, 1, 0], [2112, 1, 0], [2317, 1, 0], [2522, 1, 0]]
xfrancv : [[1966, 1, 0]]
xacayygjpedk5bkzcyigjal6xvp6azgjsfyqyofega7 : [[2085, 3, 0]]
xtrp : [[2085, 1, 0]]
x64zmegvfcaqsytgqvq : [[2085, 1, 0]]
xzg4ttt8xwmcaiebqe1ozear6xye3r0kitdvaa : [[2085, 1, 0]]
xchfilu1zjlcvgkhifolydgdkv91uutybvdgz7nrr6ohceqchiqe6ovluogb : [[2085, 1, 0]]
xniqaaaabjru5erkjggg : [[2085, 1, 0]]
xepgujwbjdunqcalmrl8bxtqfvfpmdeoaaaaaelftksuqmcc : [[2085, 1, 0]]
xtodhonkm5yehqvlpqbwjaagooxuglqyezjtjtfm9 : [[2085, 1, 0]]
xsoaaaaasuvork5cyii : [[2085, 1, 0]]
x02pke8zfwp6efwot1ldfk8rgerh1ttnoocq61hm4xm2vexuhpzjymvihrfbielsefvrn6xkfnt2q9g : [[2085, 1, 0]]
xdie499xhd2g4h7iooghxgjboganxsbnobwkyyfioubzj2hn0rurzaflzoil56zp6iioksxpuaaah : [[2085, 1, 0]]
xbyekyvfsm8assob : [[2085, 1, 0]]
xhbqaaacbjsfjnaab6jgaagiqaapoaaaca6aaadtaaaopgaaa6maaaf3ccule8aaaaamjlr0t : [[2085, 3, 0]]
xsrmc0aaaahdelnrqfgcq4mhyimfxj : [[2085, 3, 0]]
xhbqaaacbjsfjnaab6jgaagiqaapoaaaca6aaadtaaaopgaaa6maaaf3ccule8aaaaamjlr0qaad2ke6qaaaahdelnrqfgcq4mhyimfxj : [[2085, 1, 0]]
xhbqaaacbjsfjnaab6jgaagiqaapoaaaca6aaadtaaaopgaaa6maaaf3ccule8aaaabmjlr0t : [[2085, 1, 0]]
xe1csqpu : [[2085, 1, 0]]
xpnpep1 : [[2112, 2, 0], [2317, 3, 0], [2434, 1, 0], [2522, 1, 0], [2610, 1, 0], [3169, 5, 0], [3201, 3, 0], [3670, 2, 0]]
xpnpep3 : [[2112, 2, 0], [2170, 1, 0], [2317, 2, 0], [2522, 1, 0], [3169, 6, 0]]
xanthin : [[2153, 1, 0], [3889, 1, 0]]
xanthinuria : [[2153, 3, 0], [3889, 3, 0]]
xanthomatosi : [[2153, 1, 0], [3889, 1, 0]]
ximelagatran : [[2153, 1, 0], [3889, 1, 0]]
xpgi : [[2170, 1, 0], [3315, 1, 0]]
xpgn : [[2170, 1, 0], [3315, 1, 0]]
xtalbg : [[2170, 1, 0], [3315, 1, 0]]
xan : [[2170, 1, 0], [2317, 3, 0], [3315, 1, 0], [3770, 3, 0]]
xrn : [[2317, 1, 0], [3770, 1, 0]]
xtbd : [[2317, 1, 0], [3770, 1, 0]]
xtn : [[2317, 2, 0], [3770, 2, 0]]
xlf : [[2317, 1, 0], [3770, 1, 0]]
xylo : [[2317, 1, 0], [3770, 1, 0]]
xap5 : [[2317, 1, 0], [3770, 1, 0]]
xpg : [[2317, 2, 0], [2610, 2, 0], [2936, 2, 0], [3770, 2, 0]]
xendou : [[2317, 1, 0], [3770, 1, 0]]
xlink : [[2317, 1, 0], [3770, 1, 0]]
xen : [[2431, 4, 6], [3992, 1, 0]]
xrra1 : [[2522, 1, 0], [2610, 1, 0], [2936, 1, 0], [3169, 1, 0], [3214, 1, 0]]
xp11 : [[2522, 2, 0], [3214, 2, 0]]
xq21 : [[2522, 2, 0], [3214, 2, 0]]
xq22 : [[2522, 2, 0], [3214, 2, 0]]
xirp2 : [[2531, 1, 0]]
xlr : [[2531, 1, 0]]
xanth : [[2610, 1, 0], [2936, 1, 0]]
xy : [[2799, 1, 0], [3112, 1, 0]]
xylulos : [[2799, 2, 0], [3112, 2, 0]]
xav939 : [[2799, 1, 0], [3112, 1, 0]]
xarg : [[2969, 2, 0]]
xage5 : [[3201, 2, 0]]
xkr5 : [[3201, 1, 0]]
xaf1 : [[3201, 1, 0]]
xylos : [[3596, 1, 0], [3780, 1, 0]]
xikui : [[4371, 1, 0]]
xuxi : [[4371, 1, 0]]
xiaochun : [[4371, 8, 0], [4378, 1, 0]]
xguard : [[4371, 2, 0.2]]
xime : [[4378, 1, 0]]
xterm : [[4394, 1, 0]]
xiangxin : [[4518, 2, 0.2]]
xianp : [[4520, 1, 0]]
xanda : [[4572, 2, 0.2]]
xceller : [[4741, 1, 0], [4744, 2, 0], [4763, 2, 0], [4768, 1, 0], [4825, 2, 0], [5174, 1, 0]]
x86 : [[4775, 1, 0], [4778, 2, 0], [4784, 2, 0], [4828, 2, 0]]
xlr8r : [[4784, 1, 0], [4811, 3, 0]]
xlr8r2sbml : [[4784, 1, 0]]
xerox : [[4858, 1, 0], [4874, 1, 0], [4906, 1, 0]]
xue : [[5006, 2, 0]]
xued12 : [[5006, 1, 0]]
xtune : [[5006, 1, 0], [5009, 1, 0]]
xdoi : [[5047, 1, 0]]
xclose : [[5047, 1, 0]]
xilinx : [[5103, 1, 0]]
x11r6 : [[5152, 1, 0]]
xkeystrok : [[5285, 1, 0]]
xampl : [[5425, 2, 0], [5461, 2, 0]]
xr : [[5456, 1, 0]]
xyz : [[5482, 1, 0], [5484, 1, 0], [5509, 1, 0]]
xab : [[5549, 4, 0], [5772, 1, 0]]
xyz : [[5549, 3, 0], [5569, 1, 0], [5578, 3, 0], [6527, 1, 0], [7320, 3, 0], [7637, 1, 0], [7775, 1, 0], [7948, 2, 0], [7998, 2, 0], [8229, 2, 0], [8893, 2, 0]]
xz : [[5549, 2, 0]]
xampl : [[5566, 1, 0], [6143, 1, 0], [6311, 2, 0]]
x86 : [[5583, 3, 0], [8299, 1, 0], [8437, 1, 0], [8651, 1, 0], [8795, 1, 0], [9085, 2, 0], [9155, 1, 0], [9241, 1, 0], [9313, 1, 0], [9554, 1, 0], [9661, 2, 0], [10012, 2, 0]]
xval : [[5593, 6, 0], [6916, 6, 0]]
xiomara : [[5812, 1, 0]]
xochitl : [[5812, 1, 0]]
xenia : [[5812, 1, 0]]
xuan : [[5812, 1, 0], [8029, 1, 0], [8071, 2, 0], [10142, 2, 0]]
xiao : [[5812, 1, 0]]
xdatas : [[5859, 6, 0], [6658, 6, 0]]
xque : [[5859, 3, 0], [6658, 4, 0]]
xthr : [[5859, 1, 0]]
xpress : [[6047, 1, 0]]
xavier : [[6047, 1, 0]]
xentrix : [[6047, 1, 0]]
xerox : [[6047, 3, 0]]
xral : [[6047, 1, 0]]
xstatic : [[6047, 2, 0]]
xx : [[6052, 2, 0], [7957, 1, 0], [8009, 1, 0], [8099, 1, 0], [8106, 2, 0], [8194, 1, 0], [8276, 1, 0], [8390, 2, 0], [8399, 1, 0], [8518, 3, 0], [8519, 2, 0], [8528, 1, 0], [8635, 1, 0], [8648, 2, 0], [8871, 1, 0], [9246, 2, 0], [9328, 1, 0], [9392, 1, 0], [9425, 1, 0], [9977, 2, 0], [10086, 2, 0], [10601, 2, 0], [10602, 2, 0], [10813, 1, 0], [10892, 4, 0]]
xiaochun : [[6202, 3, 0]]
xr : [[6311, 1, 0]]
xp : [[7894, 1, 0]]
xpixel : [[7895, 1, 0], [7910, 3, 0]]
xxx : [[7895, 2, 0.2], [7957, 15, 0], [7990, 1, 0], [8218, 1, 0], [8237, 2, 0], [8399, 15, 0], [8432, 2, 0], [8713, 30, 0], [8871, 15, 0], [8887, 2, 0], [9519, 6, 0], [10244, 2, 0], [10301, 2, 0], [10907, 5, 0], [10951, 8, 0]]
xswang : [[7898, 1, 0]]
xchang : [[7906, 2, 0], [7910, 9, 0]]
xspeed : [[7910, 4, 0]]
xpo : [[7910, 3, 0]]
xdelta : [[7910, 1, 0]]
xvalu : [[7910, 3, 0]]
xxxifcollideswith : [[7910, 5, 0]]
xxxifcollidedwith : [[7910, 1, 0]]
xiaohui : [[7916, 1, 0]]
xie : [[7916, 1, 0]]
xin : [[7916, 1, 0]]
xu : [[7929, 1, 0], [8288, 2, 0]]
xml : [[7948, 4, 0], [7951, 3, 0], [7957, 2, 0], [7960, 7, 0], [7962, 4, 0], [7969, 2, 0], [7970, 2, 0], [7972, 2, 0], [7981, 4, 0], [7982, 3, 0], [7983, 1, 0], [7984, 4, 0], [7995, 3, 0], [8017, 1, 0], [8018, 1, 0], [8034, 2, 0], [8047, 7, 0], [8060, 2, 0], [8066, 12, 0], [8076, 6, 0], [8082, 4, 0], [8084, 7, 0.6000000000000001], [8086, 3, 0], [8096, 7, 0], [8099, 1, 0], [8105, 3, 0], [8127, 1, 0], [8128, 3, 0], [8133, 1, 0], [8139, 6, 0], [8141, 1, 0], [8155, 1, 0], [8161, 1, 0], [8162, 6, 0], [8193, 6, 0], [8210, 6, 0], [8235, 4, 0], [8240, 1, 0], [8243, 6, 0], [8247, 1, 0], [8258, 2, 0], [8263, 7, 0], [8273, 1, 0], [8281, 1, 0], [8301, 3, 0], [8302, 6, 0], [8319, 1, 0], [8327, 1, 0], [8344, 2, 0], [8352, 2, 0], [8367, 8, 0], [8370, 1, 0], [8491, 2, 0], [8505, 2, 0], [8515, 2, 0], [8650, 4, 0], [8703, 6, 0.4], [8760, 1, 0], [8771, 2, 0], [8789, 3, 0], [8841, 1, 0], [8882, 15, 0], [8925, 6, 0.4], [8941, 3, 0], [8955, 7, 6], [8965, 7, 0], [9000, 2, 0], [9022, 6, 6], [9046, 1, 0], [9060, 1, 0], [9088, 1, 0], [9099, 4, 0], [9106, 1, 0], [9112, 2, 0], [9151, 6, 0], [9173, 1, 0], [9227, 1, 0], [9360, 7, 0], [9374, 2, 0], [9424, 18, 0], [9451, 3, 0], [9503, 12, 0], [9525, 2, 0], [9546, 1, 0], [9578, 4, 0], [9579, 1, 0], [9621, 2, 0], [9622, 1, 0], [9668, 6, 0], [9703, 3, 0], [9741, 2, 0], [9777, 2, 0], [9791, 7, 0], [9828, 2, 0], [9839, 2, 0], [9861, 4, 0], [9913, 2, 0], [9986, 1, 0], [10040, 1, 0], [10055, 6, 0], [10079, 5, 0], [10188, 1, 0], [10225, 1, 0], [10234, 1, 0], [10247, 2, 0], [10355, 4, 0], [10468, 2, 0], [10543, 1, 0], [10562, 1, 0], [10578, 1, 0], [10593, 3, 0], [10639, 1, 0], [10657, 5, 0], [10684, 2, 0], [10706, 1, 0], [10719, 1, 0], [10792, 4, 0], [10822, 7, 0], [10871, 8, 0], [10931, 1, 0], [10957, 4, 0], [11010, 2, 0], [11012, 1, 0], [11027, 2, 0], [11043, 1, 0], [11053, 1, 0]]
xikuiw : [[7950, 50, 2.400000000000001], [7959, 1, 0], [7987, 1, 0], [8010, 1, 0], [8051, 1, 0], [8138, 1, 0], [8239, 2, 0], [8267, 1, 0], [8362, 1, 0], [8881, 1, 0], [9699, 1, 0], [10217, 1, 0]]
xikui : [[7950, 4, 0.1], [7959, 1, 0], [7987, 3, 0], [8010, 3, 0], [8051, 1, 0], [8239, 2, 0], [8260, 2, 0], [8362, 1, 0], [8561, 1, 0], [9052, 2, 0], [9453, 1, 0], [9623, 2, 0], [9699, 1, 0], [10031, 1, 0]]
x11 : [[7958, 1, 0], [7975, 1, 0], [7996, 1, 0], [8022, 1, 0], [8080, 1, 0], [8098, 1, 0], [8232, 1, 0]]
xisew : [[7987, 1, 0], [8631, 1, 0], [10887, 1, 0]]
xiong : [[8019, 1, 0], [8152, 1, 0], [8765, 2, 0], [9282, 1, 0]]
xuanl29 : [[8029, 1, 0], [8071, 2, 0], [10142, 2, 0]]
xcode : [[8041, 4, 0], [8122, 4, 0], [8234, 3, 0], [8299, 4, 0], [8437, 6, 0], [8651, 3, 0], [8653, 5, 0], [9155, 3, 0], [9229, 2, 0], [9241, 3, 0], [9247, 3, 0], [9285, 2, 0], [9585, 2, 0], [9661, 2, 0], [9942, 6, 0], [10012, 7, 0], [10299, 2, 0], [11077, 6, 0.4]]
xkkwww : [[8051, 18, 0.8999999999999999], [8260, 1, 0], [9052, 1, 0], [9623, 1, 0]]
xmlpars : [[8096, 1, 0], [8263, 1, 0], [8273, 1, 0], [8370, 1, 0], [8789, 1, 0], [8965, 1, 0], [9360, 1, 0], [10079, 1, 0], [10234, 1, 0], [10657, 1, 0], [11027, 1, 0]]
xmlfile : [[8367, 1, 0], [9503, 1, 0]]
xvf : [[8703, 1, 0], [8925, 1, 0], [9099, 1, 0], [10338, 2, 0], [10526, 2, 0], [10957, 1, 0]]
xmx512m : [[8703, 1, 0], [8925, 1, 0], [9099, 1, 0], [10957, 1, 0]]
xms128m : [[8703, 1, 0], [8925, 1, 0], [9099, 1, 0], [10957, 1, 0]]
xmx : [[8703, 1, 0], [8925, 1, 0], [9099, 1, 0]]
xm : [[8703, 1, 0], [8925, 1, 0], [9099, 1, 0], [10957, 1, 0]]
xmltutori : [[8882, 1, 0], [9424, 2, 0]]
x20seven21alexander22sleepi : [[9697, 1, 0]]
x184lost : [[9697, 1, 0]]
x210men : [[9697, 1, 0]]
x241charli : [[9697, 1, 0]]
x310x2311master : [[9697, 1, 0]]
x582shogun583birth584traffic585diamond : [[9697, 1, 0]]
x1020licenc : [[9697, 1, 0]]
x1218the : [[9697, 1, 0]]
x1534star : [[9697, 1, 0]]
x1547star : [[9697, 1, 0]]
x1674home : [[9697, 1, 0]]
x1706season : [[9697, 1, 0]]
x1911a : [[9697, 1, 0]]
x2041not : [[9697, 1, 0]]
x2229hide : [[9697, 1, 0]]
x2307find : [[9697, 1, 0]]
x2571assault : [[9697, 1, 0]]
xnhu7m0zo2x4hgkykglnequk : [[9949, 1, 0], [10662, 1, 0]]
xico : [[10208, 1, 0]]
xing : [[10383, 1, 0], [10511, 1, 0], [10661, 1, 0]]
xhrh8pptf0bm2 : [[10389, 1, 0]]
xsvx5etrv2 : [[10389, 1, 0]]
xxxx101 : [[10579, 1, 0]]
xx5 : [[10973, 1, 0]]
xxxxx : [[10973, 1, 0]]
xikuiw : [[11102, 1, 0], [12107, 48, 2.400000000000001], [12174, 17, 0], [12671, 1, 0], [12864, 2, 0], [13018, 1, 0], [13055, 1, 0], [13569, 1, 0], [13845, 1, 0], [13979, 1, 0], [15461, 1, 0], [15462, 1, 0], [15543, 2, 0], [15800, 1, 0]]
xml : [[11153, 1, 0], [11156, 1, 0], [11172, 6, 0], [11201, 2, 0], [11211, 2, 0], [11213, 2, 0], [11259, 1, 0], [11295, 4, 0], [11301, 3, 0], [11312, 2, 0], [11328, 1, 0], [11362, 11, 0], [11403, 3, 0], [11436, 4, 0], [11469, 4, 0], [11526, 1, 0], [11581, 6, 6], [11646, 1, 0], [11662, 2, 0], [11687, 2, 0], [11734, 4, 0], [11890, 1, 0], [11937, 1, 0], [12008, 5, 0], [12013, 2, 0], [12036, 1, 0], [12042, 1, 0], [12059, 1, 0], [12264, 1, 0], [12409, 1, 0], [12553, 1, 0], [12565, 1, 0], [12577, 2, 0], [12595, 4, 0], [12657, 7, 0], [12673, 3, 0], [12744, 2, 0], [12832, 4, 0], [12854, 2, 0], [12881, 4, 0], [12899, 1, 0], [12915, 6, 0], [12920, 11, 0], [13073, 4, 0], [13117, 1, 0], [13187, 1, 0], [13245, 3, 0], [13252, 2, 0], [13253, 1, 0], [13351, 1, 0], [13366, 1, 0], [13384, 1, 0], [13429, 2, 0], [13433, 4, 0], [13434, 2, 0], [13471, 1, 0], [13497, 1, 0], [13650, 1, 0], [13653, 1, 0], [13664, 3, 0], [13711, 2, 0], [13786, 4, 0], [13885, 3, 0], [13895, 5, 0], [13980, 1, 0], [13999, 1, 0], [14014, 13, 0], [14124, 3, 0], [14159, 7, 6], [14369, 1, 0], [14507, 1, 0], [14524, 7, 0], [14653, 1, 0], [14656, 3, 0], [14658, 4, 0], [14684, 4, 0], [14686, 1, 0], [14804, 4, 0], [14856, 3, 0], [14955, 2, 0], [14960, 1, 0], [14982, 1, 0], [15014, 3, 0], [15043, 3, 0], [15046, 3, 0], [15106, 4, 0], [15146, 1, 0], [15157, 2, 0], [15184, 1, 0], [15242, 2, 0], [15245, 18, 0], [15365, 5, 0], [15398, 1, 0], [15516, 6, 0], [15590, 4, 0], [15591, 2, 0], [15593, 2, 0], [15698, 3, 0], [15722, 1, 0], [15741, 2, 0], [15766, 4, 0], [16535, 3, 0.9]]
xx : [[11241, 1, 0], [11359, 3, 0], [12144, 2, 0], [12733, 2, 0], [13032, 1, 0], [13127, 1, 0], [13648, 2, 0], [14032, 1, 0], [14496, 1, 0], [15137, 1, 0], [15836, 2, 0]]
xxxxx : [[11241, 1, 0], [15669, 1, 0]]
xml69 : [[11295, 1, 0]]
xml70 : [[11295, 1, 0]]
xml76 : [[11295, 1, 0]]
xml77 : [[11295, 1, 0]]
xml78 : [[11295, 1, 0]]
xml79 : [[11295, 1, 0]]
xml8081 : [[11295, 1, 0]]
xml83 : [[11295, 1, 0]]
xml9091 : [[11295, 1, 0]]
xml104105 : [[11295, 1, 0]]
xml107108 : [[11295, 1, 0]]
xml113crashlyt : [[11295, 1, 0]]
xml122 : [[11295, 1, 0]]
xml123 : [[11295, 1, 0]]
xml150h : [[11295, 1, 0]]
xml163buildnumb : [[11295, 1, 0]]
xikui : [[11357, 1, 0], [12132, 3, 0], [12472, 2, 0], [12864, 2, 0], [13697, 2, 0], [14140, 1, 0], [14697, 2, 0], [15075, 1, 0], [15543, 2, 0], [15718, 1, 0], [15800, 1, 0], [16474, 5, 0], [16494, 2, 0], [16546, 4, 5], [16548, 1, 0]]
xkkwww : [[11357, 1, 0], [12864, 1, 0], [13697, 1, 0]]
x86 : [[11382, 1, 0], [11625, 1, 0], [12072, 1, 0], [13042, 1, 0]]
xcode : [[11434, 2, 0], [11720, 5, 0], [12866, 4, 0], [13042, 4, 0]]
xuan : [[11547, 1, 0], [11797, 1, 0], [11854, 1, 0], [11934, 2, 0], [13129, 1, 0], [13941, 1, 0], [14415, 1, 0]]
xing : [[11570, 1, 0], [13129, 1, 0], [16467, 8, 0], [16507, 4, 0]]
xnhu7m0zo2x4hgkykglnequk : [[11611, 1, 0], [15208, 1, 0]]
xxx : [[11646, 15, 0], [11739, 2, 0], [13437, 2, 0], [14230, 1, 0], [14317, 1, 0], [14748, 2, 0], [15852, 6, 0]]
x26121 : [[11723, 1, 0]]
x22674 : [[11723, 1, 0]]
x25578 : [[11723, 1, 0]]
x24684 : [[11723, 1, 0]]
x23324 : [[11723, 1, 0]]
x24301 : [[11723, 1, 0]]
x23138 : [[11723, 1, 0]]
x24424 : [[11723, 1, 0]]
x26848 : [[11723, 3, 0]]
x2 : [[11723, 1, 0]]
x23945 : [[11723, 1, 0]]
x23452 : [[11723, 1, 0]]
x23084 : [[11723, 1, 0]]
xanga : [[11723, 1, 0]]
xu : [[11723, 1, 0], [12425, 1, 0], [13129, 1, 0], [15858, 3, 0], [15861, 2, 0], [15952, 8, 0], [16450, 1, 0], [16467, 2, 0], [16494, 7, 0]]
xin : [[11723, 1, 0], [15948, 2, 0.8], [15951, 2, 0], [15952, 7, 0]]
xeinoub : [[11723, 1, 0]]
xooghium : [[11723, 1, 0]]
xzq : [[11723, 1, 0]]
x11 : [[11752, 1, 0], [12349, 1, 0], [13948, 1, 0], [15270, 2, 0]]
xuanl29 : [[11797, 1, 0], [11854, 1, 0], [11934, 1, 0]]
xmln : [[12008, 2, 0]]
xsi : [[12008, 2, 0]]
xmlschema : [[12008, 1, 0]]
xsd : [[12008, 1, 0]]
xisew : [[12091, 1, 0]]
xvf : [[12458, 2, 0], [12791, 2, 0], [15106, 1, 0]]
xmlpars : [[12673, 2, 0], [13999, 1, 0]]
xiong : [[12865, 1, 0], [13129, 1, 0]]
xlabel : [[13789, 3, 0]]
xxxx : [[13973, 1, 0]]
xmltutori : [[14014, 1, 0], [15245, 2, 0]]
xi : [[14496, 3, 0], [16494, 2, 0]]
xii : [[14496, 3, 0]]
xiii : [[14496, 3, 0]]
xiv : [[14496, 3, 0]]
xv : [[14496, 3, 0], [15858, 1, 0], [15952, 1, 0]]
xvi : [[14496, 3, 0]]
xvii : [[14496, 3, 0]]
xviii : [[14496, 3, 0]]
xix : [[14496, 3, 0]]
xxi : [[14496, 1, 0]]
xxii : [[14496, 1, 0]]
xxiii : [[14496, 1, 0]]
xmlfile : [[14804, 1, 0], [15014, 1, 0]]
xmx512m : [[15106, 1, 0], [15223, 2, 0]]
xms128m : [[15106, 1, 0], [15223, 2, 0]]
xmx : [[15106, 1, 0]]
xm : [[15106, 1, 0], [15223, 1, 0]]
xx5 : [[15669, 1, 0]]
xiangmin : [[15858, 3, 0], [15861, 2, 0]]
xiangxu : [[15858, 1, 0]]
xiaoyong : [[15948, 1, 0]]
xianghua : [[15952, 1, 0]]
xiankang : [[15952, 1, 0]]
xiaojuan : [[15952, 1, 0]]
xiao : [[15952, 1, 0], [16474, 2, 0]]
xie : [[15952, 1, 0], [16100, 1, 0], [16446, 1, 0], [16494, 2, 0], [16507, 2, 0]]
xf : [[16094, 1, 0]]
xa : [[16094, 1, 0]]
xiaohui : [[16100, 1, 0], [16446, 1, 0], [16494, 1, 0], [16507, 1, 0]]
xeon : [[16101, 1, 0]]
x5670 : [[16101, 1, 0]]
xlab : [[16115, 9, 0]]
xna : [[16131, 1, 0]]
xmlui : [[16145, 1, 0]]
xiangyao : [[16459, 2, 0], [16482, 2, 0], [16488, 2, 0.9], [16528, 5, 6], [16532, 2, 0.8], [16554, 2, 0]]
x15 : [[16462, 2, 0], [16485, 9, 6], [16488, 2, 0.9], [16498, 2, 0], [16532, 2, 0.8], [16533, 7, 0]]
xiaogang : [[16467, 2, 0], [16494, 2, 0]]
xingmv10 : [[16467, 1, 0]]
xqueri : [[16467, 2, 0], [16485, 1, 0], [16533, 1, 0]]
xingdmv10 : [[16467, 1, 0]]
xtunea : [[16471, 1, 0]]
xtune : [[16471, 1, 0.8]]
xikuiend : [[16474, 1, 0]]
xiangbo : [[16494, 2, 0]]
xiaochun : [[16494, 2, 0]]
xiaohuihobbes3 : [[16494, 1, 0]]
xukm15 : [[16494, 1, 0]]
xiaohuihuman : [[16507, 1, 0]]
xingsv09 : [[16507, 1, 0]]
xingreli : [[16507, 1, 0]]
xhx : [[16651, 1, 0], [16655, 1, 0], [16710, 1, 0], [21655, 1, 0]]
xuan : [[16822, 1, 0], [16851, 4, 0]]
xuanl29 : [[16822, 1, 0]]
xian : [[16865, 1, 0], [16945, 26, 0]]
xudavidson : [[16872, 1, 0]]
xfa : [[16884, 4, 0], [16928, 4, 0], [16934, 4, 0]]
xml2016 : [[16891, 1, 0]]
xi : [[16902, 1, 0], [17037, 1, 0], [17876, 1, 0], [18786, 1, 0], [19718, 8, 0]]
xhtml : [[16913, 2, 0], [16945, 79, 0], [19544, 1, 0], [19647, 2, 0], [19685, 2, 0], [19720, 1, 0], [19813, 1, 0]]
xml : [[16913, 4, 0], [16945, 9419, 0], [17051, 1, 0], [18223, 1, 0], [19544, 1, 0], [19772, 2, 0], [19813, 2, 0], [19817, 2, 0], [19879, 1, 0], [19952, 2, 0.2], [21703, 1, 0], [21781, 7, 0], [21843, 1, 0], [21965, 3, 0], [22086, 1, 0], [22099, 1, 0], [22122, 15, 0]]
x41 : [[16928, 2, 0]]
xslt : [[16934, 16, 0], [16945, 168, 0], [21843, 1, 0]]
xmlresourc : [[16934, 4, 0]]
xjc : [[16945, 1092, 0]]
xmlrpc : [[16945, 1173, 0]]
xmlmind : [[16945, 5, 0]]
xmlstub : [[16945, 4, 0]]
xs : [[16945, 15, 0], [19596, 7, 0], [19613, 11, 0], [19821, 2, 0]]
xbean : [[16945, 2823, 0]]
xmlpolici : [[16945, 11, 0]]
xerc : [[16945, 327, 0]]
xercesimpl : [[16945, 83, 0]]
xmlparserapi : [[16945, 27, 0]]
xercessampl : [[16945, 19, 0]]
xmean : [[16945, 9, 0]]
xcluder : [[16945, 9, 0]]
xmlresum : [[16945, 4, 0]]
xdoclet : [[16945, 2778, 0]]
xsdlib : [[16945, 51, 0]]
xom : [[16945, 56, 0]]
xmpp : [[16945, 986, 0], [19834, 1, 0]]
xfire : [[16945, 3540, 0]]
xjavadoc : [[16945, 42, 0]]
xalan : [[16945, 111, 0]]
xalansampl : [[16945, 10, 0]]
xalanservlet : [[16945, 4, 0]]
xercesjarv : [[16945, 9, 0]]
xdt4j : [[16945, 13, 0]]
xmlmerger : [[16945, 9, 0]]
xmlbean : [[16945, 980, 0]]
xmlpublic : [[16945, 25, 0]]
xen : [[16945, 17, 0]]
xadisk : [[16945, 36, 0]]
xwork : [[16945, 291, 0]]
xmlfactori : [[16945, 81, 0]]
xmlhttprequest : [[16945, 101, 0]]
xbi : [[16945, 19, 0]]
xpath : [[16945, 91, 0]]
xmlfresh : [[16945, 9, 0]]
xspec : [[16945, 5, 0]]
xpdl : [[16945, 21, 0]]
xsltmp : [[16945, 18, 0]]
xisemel : [[16945, 11, 0]]
xslthl : [[16945, 27, 0]]
xsl : [[16945, 45, 0]]
xradar : [[16945, 30, 0]]
xolit : [[16945, 15, 0]]
xo : [[16945, 29, 0], [17997, 1, 0]]
xpp3 : [[16945, 225, 0]]
xmldb : [[16945, 63, 0]]
xsp : [[16945, 21, 0]]
xsltal : [[16945, 7, 0]]
xapool : [[16945, 67, 0]]
xajil : [[16945, 11, 0]]
xsddoc : [[16945, 59, 0]]
xpom : [[16945, 7, 0]]
xmlenc : [[16945, 25, 0]]
xfpanel : [[16945, 23, 0]]
xdoc : [[16945, 209, 0]]
xupdat : [[16945, 4, 0]]
xmlunit : [[16945, 48, 0]]
xmlschema : [[16945, 163, 0]]
xreport : [[16945, 17, 0]]
xmltypeoracl : [[16945, 39, 0]]
xpl4java : [[16945, 11, 0]]
xstream : [[16945, 677, 0]]
xmlui : [[16945, 268, 0]]
xhtmlrender : [[16945, 11, 0]]
xmlconfig : [[16945, 300, 0]]
xmi : [[16945, 4, 0], [19221, 4, 0.2]]
xqueri : [[16945, 222, 0]]
xmleditor : [[16945, 93, 0]]
xenapi : [[16945, 5, 0]]
xmlmap : [[16945, 39, 0]]
xsd2xml : [[16945, 30, 0]]
xslservlet : [[16945, 9, 0]]
xpars : [[16945, 11, 0]]
xmlparser : [[16945, 136, 0]]
xmldoclet : [[16945, 4, 0]]
xmlpersist : [[16945, 9, 0]]
xwiki : [[16945, 420, 0]]
xar : [[16945, 15, 0]]
xwiki10 : [[16945, 5, 0]]
xwiki2 : [[16945, 5, 0]]
xmlmatcher : [[16945, 6, 0]]
xsocket : [[16945, 511, 0]]
xsd : [[16945, 536, 0]]
xmltool : [[16945, 104, 0]]
xecur : [[16945, 5, 0]]
xmldsig : [[16945, 20, 0]]
xshell : [[16945, 17, 0]]
xcode : [[16945, 5, 0], [21697, 1, 0], [21711, 1, 0], [21730, 1, 0], [21734, 1, 0], [22038, 1, 0]]
xunit : [[16945, 113, 0]]
xvnc : [[16945, 33, 0]]
xt : [[16945, 42, 0]]
xnio : [[16945, 503, 0]]
xjdf : [[16945, 6, 0]]
xjdflib : [[16945, 5, 0]]
xsite : [[16945, 411, 0]]
xmlsec : [[16945, 49, 0]]
xhar : [[16945, 43, 0]]
xc : [[16945, 249, 0]]
xdoclet2 : [[16945, 25, 0]]
xtag : [[16945, 29, 0]]
xdas4j : [[16945, 21, 0]]
xmabootrt : [[16945, 41, 0]]
xmacom : [[16945, 41, 0]]
xmartclient : [[16945, 105, 0]]
xmapack : [[16945, 55, 0]]
xmartserv : [[16945, 105, 0]]
xmaant : [[16945, 61, 0]]
xj4 : [[16945, 131, 0]]
xenc : [[16945, 5, 0]]
xmlmime : [[16945, 5, 0]]
xhtml1 : [[16945, 15, 0]]
xop : [[16945, 5, 0]]
xmlsoap : [[16945, 32, 0]]
xlightweb : [[16945, 423, 0]]
xerial : [[16945, 360, 0]]
xdmail : [[16945, 5, 0]]
xd : [[16945, 5, 0]]
x86asm : [[16945, 16, 0]]
x509 : [[16945, 203, 0], [19877, 1, 0], [19881, 1, 0]]
xlator : [[16945, 13, 0]]
xume : [[16945, 7, 0]]
xanot : [[16945, 11, 0]]
xep0060 : [[16945, 13, 0]]
xep0124 : [[16945, 9, 0]]
xep0206 : [[16945, 9, 0]]
xep0045 : [[16945, 13, 0]]
xrt : [[16945, 98, 0]]
xmlqueri : [[16945, 9, 0]]
xmlp : [[16945, 9, 0]]
xmlutil : [[16945, 26, 0]]
xmlsecur : [[16945, 100, 0]]
xmlconf : [[16945, 69, 0]]
xmlbuilder : [[16945, 20, 0]]
xmlpull : [[16945, 76, 0]]
xmlresolv : [[16945, 22, 0]]
xmlgraphic : [[16945, 173, 0]]
xstore : [[16945, 5, 0]]
xmlstore : [[16945, 69, 0]]
xdbm : [[16945, 113, 0]]
xalan2 : [[16945, 15, 0]]
xml2fastinfoset : [[16945, 135, 0]]
xjcplugin : [[16945, 305, 0]]
xhtml2html : [[16945, 5, 0]]
xcmi : [[16945, 893, 0]]
xmlfilter : [[16945, 93, 0]]
xri : [[16945, 4, 0]]
xeustechnolog : [[16945, 52, 0]]
xtext : [[16945, 110, 0]]
xtend : [[16945, 7, 0]]
xpand : [[16945, 7, 0]]
xcap : [[16945, 17, 0]]
xlseasi : [[16945, 55, 0]]
xbasej : [[16945, 9, 0]]
xpather : [[16945, 5, 0]]
xjsf : [[16945, 9, 0]]
xlob : [[16945, 5, 0]]
xmlc : [[16945, 83, 0]]
xin : [[16945, 36, 0], [19180, 1, 0], [19771, 1, 0], [19960, 11, 5.6], [20748, 2, 0], [21458, 2, 0], [21546, 2, 0.2]]
xsparql : [[16945, 16, 0]]
xpathapi : [[16945, 27, 0]]
xenocanto : [[16945, 78, 0]]
xtiff : [[16945, 9, 0]]
xmltype : [[16945, 17, 0]]
xades4j : [[16945, 5, 0]]
xaoc : [[16945, 9, 0]]
xalan1 : [[16945, 19, 0]]
xslp : [[16945, 19, 0]]
xsd2cob : [[16945, 9, 0]]
xlson : [[16945, 11, 0]]
xstreamfx : [[16945, 19, 0]]
xmp : [[16945, 4, 0]]
xmlwrapper : [[16945, 13, 0]]
xcsde : [[16945, 5, 0]]
xmlstringpars : [[16945, 11, 0]]
xdriveunit : [[16945, 15, 0]]
xsbt : [[16945, 124, 0]]
xsom : [[16945, 11, 0]]
xxxx : [[16945, 8, 0], [19648, 2, 0]]
xebia : [[16945, 141, 0]]
xebium : [[16945, 9, 0]]
xmlworker : [[16945, 17, 0]]
xtra : [[16945, 17, 0]]
xebialab : [[16945, 106, 0]]
xdb : [[16945, 37, 0]]
xmemcach : [[16945, 83, 0]]
xremot : [[16945, 19, 0]]
xmlzen : [[16945, 27, 0]]
xauth : [[16945, 5, 0]]
xlet : [[16945, 61, 0]]
xew : [[16945, 11, 0]]
xxl : [[16945, 9, 0], [20031, 6, 0]]
xcsf : [[16945, 5, 0]]
xypron : [[16945, 33, 0]]
xmlwriter : [[16945, 27, 0]]
xr : [[16945, 1, 0], [19830, 2, 0]]
xiaohui : [[16980, 2, 0], [19952, 1, 0], [20159, 3, 0], [20190, 1, 0], [20234, 1, 0], [20253, 1, 0], [20266, 1, 0], [21200, 1, 0], [21326, 2, 0], [21523, 2, 0.2], [21531, 1, 0], [21573, 2, 0.2], [21604, 1, 0], [21630, 2, 0], [21655, 2, 0.2]]
xie : [[16980, 2, 0], [19952, 1, 0], [21200, 3, 0], [21326, 2, 0], [21452, 1, 0], [21523, 6, 6.2], [21531, 1, 0], [21573, 4, 1.2], [21604, 1, 0], [21630, 2, 0], [21634, 1, 0], [21655, 2, 0.2]]
xl : [[16983, 1, 0], [19559, 2, 0], [19575, 1, 0], [19632, 1, 0], [19682, 2, 0], [20031, 5, 0]]
xtune : [[17015, 2, 0.1]]
xma : [[17115, 2, 0.9], [17574, 1, 0], [17683, 2, 0]]
xiang : [[17132, 1, 0], [17181, 2, 0], [17656, 1, 0], [17926, 1, 0], [18887, 2, 0], [20115, 1, 0]]
xidtech : [[17187, 1, 0], [17800, 3, 0], [17968, 1, 0], [18212, 1, 0]]
xyz : [[17197, 1, 0], [17724, 1, 0], [18649, 1, 0], [19544, 1, 0], [19564, 4, 0], [19572, 1, 0], [19643, 7, 0], [19657, 1, 0], [19677, 1, 0], [19685, 9, 0], [20019, 2, 0]]
xid : [[17345, 1, 0], [17361, 1, 0], [17563, 2, 0], [17869, 1, 0], [17956, 4, 0], [17968, 1, 0], [18577, 3, 0], [18737, 2, 0], [18865, 2, 0]]
xx : [[17386, 1, 0], [18159, 3, 0], [21815, 1, 0]]
xcavat : [[17490, 1, 0], [17892, 1, 0], [18029, 1, 0]]
xkid : [[17538, 2, 0], [18515, 2, 0]]
xy : [[17586, 1, 0], [17838, 1, 0], [19166, 6, 0]]
xianyang : [[17789, 1, 0]]
xue : [[17789, 1, 0]]
xyggi : [[17810, 2, 0], [18561, 2, 0], [19105, 1, 0]]
xerox : [[18022, 1, 0], [18052, 2, 0.9], [18489, 2, 0.9], [18642, 1, 0], [18659, 6, 6.8], [21221, 1, 0], [21515, 1, 0], [21934, 1, 0], [22026, 2, 0]]
xp : [[18126, 1, 0], [19022, 1, 0], [19555, 16, 0], [21926, 5, 0.2]]
xix : [[18159, 1, 0]]
xxi : [[18159, 1, 0]]
xxii : [[18159, 3, 0]]
xxiii : [[18159, 3, 0]]
xbox : [[18322, 1, 0], [19586, 2, 0.6], [20591, 1, 0]]
xbrain : [[18905, 2, 0]]
xiadi : [[19172, 1, 0]]
xxx : [[19184, 2, 0], [19549, 1, 0], [19586, 2, 0.6], [19651, 1, 0], [19741, 1, 0], [19746, 1, 0], [19788, 1, 0], [21827, 2, 0], [21843, 1, 0], [22084, 7, 0.30000000000000004], [22112, 6, 0.6]]
xu : [[19185, 6, 0], [19196, 1, 0], [19516, 1, 0], [19519, 2, 0], [19520, 3, 0], [19811, 4, 0.4], [19890, 1, 0], [19913, 1, 0], [19921, 1, 0], [20032, 1, 0], [20087, 1, 0], [20173, 3, 0], [20257, 1, 0], [20266, 1, 0], [20282, 1, 0], [20748, 3, 0], [21188, 1, 0], [21189, 1, 0], [21202, 4, 1.2], [21238, 1, 0], [21242, 2, 0], [21262, 1, 0], [21263, 1, 0], [21326, 1, 0], [21331, 1, 0], [21359, 1, 0], [21394, 8, 6.2], [21406, 8, 6], [21483, 2, 1], [21522, 1, 0], [21524, 10, 6.2], [21546, 4, 0.2], [21630, 1, 0], [21657, 1, 0], [21689, 1, 0], [21962, 8, 0]]
xe : [[19221, 4, 0.2], [19556, 1, 0], [19570, 1, 0]]
xteam : [[19483, 10, 0], [19507, 3, 0]]
xiao : [[19502, 1, 0], [19511, 1, 0], [19811, 2, 0.2], [20141, 1, 0], [20245, 3, 0], [20253, 1, 0], [20266, 1, 0]]
xabber : [[19506, 1, 0]]
xlpage : [[19522, 1, 0], [19524, 2, 0], [19537, 3, 0], [19542, 2, 0], [19544, 10, 0], [19559, 3, 0], [19634, 4, 0], [19635, 1, 0], [19644, 6, 0], [19682, 47, 0], [19685, 12, 0], [19781, 1, 0], [19823, 1, 0], [19834, 1, 0]]
xlsx : [[19544, 1, 0], [19685, 1, 0]]
xss : [[19544, 9, 0], [19685, 5, 0]]
xcf : [[19544, 1, 0], [19632, 1, 0], [19685, 1, 0]]
xmln : [[19544, 2, 0], [19685, 2, 0], [19813, 1, 0]]
xllang : [[19544, 1, 0], [19559, 1, 0], [19682, 5, 0]]
xc4 : [[19544, 1, 0]]
xb1 : [[19544, 1, 0]]
xc5 : [[19544, 1, 0]]
xbf : [[19544, 1, 0]]
xmlheader : [[19544, 1, 0], [19685, 1, 0]]
xmlfooter : [[19544, 1, 0], [19685, 1, 0]]
xtr : [[19555, 22, 0], [19576, 9, 0], [19730, 4, 0], [19771, 5, 0], [19821, 1, 0]]
xtrain : [[19555, 6, 0], [19576, 11, 0], [19730, 6, 0], [19738, 4, 0], [19771, 6, 0]]
xp1 : [[19555, 7, 0]]
xtest : [[19555, 6, 0], [19576, 1, 0], [19730, 1, 0]]
x1 : [[19555, 4, 0]]
xte : [[19555, 1, 0], [19576, 13, 0], [19730, 3, 0], [19771, 2, 0]]
xlan : [[19559, 1, 0]]
xllangsan : [[19559, 1, 0]]
xor : [[19569, 1, 0], [19831, 2, 0]]
xllangsi18nvari : [[19575, 1, 0]]
xjwagi : [[19586, 1, 0]]
xgk2pt : [[19586, 1, 0]]
xa : [[19613, 5, 0]]
xb : [[19613, 1, 0]]
xlsdv : [[19624, 1, 0], [19682, 5, 0]]
xvzf : [[19644, 1, 0]]
x80 : [[19663, 1, 0]]
xff : [[19663, 1, 0]]
xlpageloc : [[19682, 1, 0]]
xlpagetempl : [[19682, 2, 0]]
xyzfmt : [[19693, 1, 0]]
xdata : [[19718, 3, 0]]
xtrain1 : [[19738, 2, 0]]
xyzsessid : [[19743, 2, 0], [19758, 2, 0], [19823, 2, 0]]
x2 : [[19750, 2, 0]]
xout : [[19771, 1, 0]]
x4 : [[19811, 1, 0]]
xarg : [[19814, 2, 0]]
xinlei : [[19864, 1, 0]]
xiaomin : [[19867, 1, 0]]
xuhua : [[19870, 2, 0]]
xavier : [[19880, 1, 0], [20228, 1, 0]]
x86 : [[19907, 1, 0], [20051, 3, 0], [20063, 2, 0]]
xxxxxx : [[19955, 2, 0], [19956, 2, 0], [19957, 2, 0], [19960, 2, 0], [21941, 1, 0]]
xylo : [[19999, 2, 0.1]]
xyzabc : [[20019, 2, 0]]
xyzefg : [[20019, 2, 0]]
xl3b907zzz : [[20062, 1, 0]]
xiaofeng : [[20069, 1, 0], [20081, 1, 0], [20084, 3, 0], [20085, 3, 0], [20190, 1, 0], [20253, 1, 0], [20266, 1, 0], [20268, 3, 0], [20275, 3, 0], [20281, 3, 0]]
xioyang : [[20073, 1, 0], [20080, 3, 0], [20087, 1, 0], [20152, 1, 0], [20240, 1, 0], [20266, 1, 0]]
xiangxin : [[20082, 1, 0], [20087, 2, 0], [20105, 3, 0], [20152, 2, 0], [20166, 3, 0], [20192, 1, 0], [20219, 3, 0], [20226, 3, 0], [20228, 1, 0], [20229, 4, 0.9], [20231, 1, 0], [20253, 2, 0], [20263, 1, 0], [20266, 2, 0]]
xianm : [[20087, 1, 0], [20173, 3, 0], [20257, 1, 0], [20266, 1, 0]]
xingyao : [[20228, 1, 0]]
xplore : [[21187, 1, 0], [21202, 4, 1.1], [21394, 1, 0], [21627, 1, 0], [21689, 6, 6.1]]
xiaoyi : [[21326, 1, 0], [21630, 1, 0]]
xikui : [[21326, 1, 0], [21331, 1, 0], [21630, 1, 0]]
xiaozhu : [[21374, 3, 0.9], [21528, 1, 0]]
xroad : [[21374, 1, 0]]
xsel : [[21374, 1, 0]]
xinyi : [[21512, 1, 0]]
xiangyu : [[21546, 2, 0.2]]
x46188 : [[21763, 1, 0]]
xref : [[21827, 1, 0]]
x09 : [[21843, 1, 0]]
x61 : [[21843, 1, 0]]
xdigit : [[21843, 1, 0]]
xti : [[21934, 1, 0]]
xv6 : [[21970, 13, 0]]
xviii : [[22026, 1, 0]]
xcodeproj : [[22057, 4, 6], [22108, 1, 0]]
xcshareddata : [[22057, 1, 0]]
xadl : [[22099, 5, 0]]
xadl : [[22157, 4, 5.8], [26785, 10, 0.8], [27079, 6, 0.9], [27093, 1, 0]]
xml : [[22164, 4, 1.8], [22380, 1, 0], [22396, 1, 0], [22462, 6, 2.7], [22505, 8, 0], [22600, 5, 0], [22617, 4, 1.8], [22640, 2, 0.9], [22710, 163, 0], [22755, 2, 0.9], [22787, 9, 6.9], [22919, 2, 0], [22995, 2, 0], [22999, 4, 0], [23074, 1, 0], [23346, 1, 0], [23370, 1, 0], [23618, 20, 0], [23712, 6, 0], [23786, 3, 0], [23824, 2, 0.1], [23890, 1, 0], [23917, 10, 0.1], [23919, 3, 0], [23939, 1, 0], [24091, 9, 0.6000000000000001], [24176, 2, 0], [24218, 1, 0], [24565, 1, 0], [24581, 1, 0], [24952, 3, 0.1], [25036, 330, 0], [25177, 20, 0], [25333, 2, 0], [25519, 6, 0.30000000000000004], [25547, 1, 0], [25736, 11, 0], [25785, 5, 0], [25946, 1, 0], [26276, 2, 0.9], [26357, 4, 0], [26517, 2, 0.9], [26678, 2, 0.9], [26699, 2, 0], [26785, 2, 0], [26801, 2, 5], [27044, 1, 0], [27079, 1, 0]]
xiarmando : [[22204, 7, 6]]
xit : [[22243, 1, 0], [22927, 1, 0]]
xv6 : [[22245, 1, 0], [22287, 79, 6.900000000000001], [24246, 2, 0], [24513, 21, 0.4], [24524, 1, 0], [27633, 20, 0.2]]
xiaohui : [[22248, 1, 0], [26358, 1, 0], [26564, 1, 0], [26638, 1, 0], [26959, 4, 0], [27219, 1, 0], [27227, 1, 0]]
xie : [[22248, 3, 0], [22360, 1, 0], [25060, 2, 0], [26358, 1, 0], [26564, 1, 0], [26638, 1, 0], [26959, 4, 0], [27219, 1, 0], [27227, 2, 0]]
xcode : [[22274, 7, 5], [22326, 1, 0], [22587, 1, 0], [22620, 1, 0], [22625, 1, 0], [22665, 1, 0], [22884, 1, 0], [22963, 1, 0], [22974, 1, 0], [23152, 1, 0], [23157, 1, 0], [23206, 1, 0], [23242, 1, 0], [23326, 1, 0], [23400, 1, 0], [23505, 1, 0], [23618, 6, 0], [23678, 1, 0], [23748, 1, 0], [23762, 1, 0], [23782, 1, 0], [23876, 1, 0], [23912, 1, 0], [23976, 1, 0], [24254, 1, 0], [24273, 1, 0], [24300, 1, 0], [24314, 1, 0], [24427, 1, 0], [24439, 1, 0], [24454, 1, 0], [24533, 1, 0], [24667, 1, 0], [24679, 1, 0], [24986, 1, 0], [24991, 1, 0], [25144, 1, 0], [25327, 1, 0], [25426, 1, 0], [25569, 1, 0], [25632, 1, 0], [25640, 1, 0], [25680, 1, 0], [25692, 1, 0], [25781, 1, 0], [25864, 1, 0], [25889, 1, 0], [25909, 1, 0], [25955, 1, 0], [25990, 1, 0], [26091, 1, 0], [26122, 1, 0], [26135, 1, 0], [26191, 1, 0], [26196, 1, 0], [26219, 1, 0], [26418, 1, 0], [26448, 1, 0], [26464, 1, 0], [26549, 1, 0], [26617, 1, 0], [26643, 1, 0], [26667, 1, 0], [26727, 1, 0], [26731, 1, 0], [26793, 1, 0], [26824, 1, 0], [26881, 1, 0], [27120, 1, 0], [27304, 1, 0], [27362, 1, 0], [27410, 1, 0], [27431, 1, 0], [27586, 1, 0], [27603, 1, 0], [27649, 1, 0]]
xerox : [[22282, 1, 0], [22710, 1, 0], [23209, 8, 0], [23504, 1, 0], [23649, 2, 0], [23917, 1, 0], [24353, 4, 0], [24548, 1, 0], [24648, 6, 0], [24847, 1, 0], [25003, 1, 0], [25036, 3, 0], [25433, 1, 0], [25675, 1, 0], [25686, 2, 0.1], [25697, 1, 0], [25786, 1, 0], [25831, 1, 0], [25954, 1, 0], [26096, 2, 0.1], [26239, 2, 0], [26420, 1, 0], [26431, 1, 0], [26734, 1, 0], [27179, 2, 0.9], [27256, 1, 0], [27426, 1, 0], [27429, 3, 0], [27478, 2, 0.1]]
xx : [[22287, 12, 0.9], [23387, 4, 0], [24246, 3, 0], [24524, 1, 0], [25248, 5, 0], [25904, 1, 0]]
x86 : [[22287, 2, 0], [23157, 1, 0], [23618, 4, 0], [23660, 4, 0.4], [23722, 1, 0], [23734, 3, 0], [23876, 1, 0], [24375, 3, 0], [24513, 3, 0], [25097, 3, 0], [25951, 1, 0], [26344, 2, 0], [26738, 2, 0], [27633, 2, 0]]
x11r6 : [[22287, 1, 0]]
xzvf : [[22287, 1, 0]]
xinan : [[22288, 1, 0]]
xplore : [[22289, 1, 0], [22525, 1, 0]]
xkcd : [[22297, 1, 0]]
xiao : [[22360, 2, 0], [23722, 1, 0], [23815, 1, 0], [25060, 1, 0], [25586, 1, 0], [26410, 1, 0]]
xue : [[22360, 1, 0]]
xia : [[22360, 1, 0], [27566, 2, 0]]
xslt : [[22380, 1, 0], [22396, 1, 0], [23346, 1, 0], [23370, 1, 0], [23712, 1, 0], [24565, 1, 0], [24581, 1, 0]]
xwamdasb : [[22424, 1, 0]]
xxx : [[22462, 2, 0.9], [22675, 2, 0], [22710, 2, 0], [23030, 2, 0], [24212, 1, 0], [25217, 1, 0], [25248, 2, 0], [25393, 7, 0], [26230, 1, 0], [26313, 1, 0]]
xu : [[22505, 2, 0.9], [22754, 1, 0], [23162, 1, 0], [23646, 3, 0], [23722, 2, 0], [24237, 1, 0], [24255, 2, 0.2], [24405, 6, 0], [24657, 8, 0], [24723, 1, 0], [25711, 6, 0.30000000000000004], [26020, 1, 0], [26216, 1, 0], [26959, 1, 0], [27212, 1, 0], [27312, 1, 0], [27474, 1, 0]]
xrg9t : [[22505, 1, 0]]
xjgzfo3xtvm0snwsycbw2kzc0uilfwfcyng6jasbzflgzhxxxm6xgyybsne99jyhnrfspv : [[22505, 1, 0]]
x4fqavx7scmhrihku : [[22505, 1, 0]]
xuaijna9tjwsvcahcaut9vodgwdqoiba4i4vp : [[22505, 1, 0]]
x944ienynsgmo : [[22505, 1, 0]]
xbngytznunrslgujga : [[22505, 1, 0]]
xjj8wwm6n6hm0ewmwpwovtti2txsq1k2urcx : [[22505, 1, 0]]
xqkxrniwhz4vjzjlik : [[22505, 1, 0]]
xytho : [[22600, 1, 0], [25736, 2, 0]]
xmln : [[22600, 2, 0], [23712, 1, 0], [25036, 4, 0], [25177, 3, 0], [25785, 1, 0]]
xscale : [[22664, 1, 0], [24487, 2, 0], [26012, 1, 0]]
xxxx : [[22675, 1, 0], [22710, 5, 0], [23919, 1, 0], [24047, 4, 0.4], [24218, 2, 0], [25036, 22, 0], [25177, 6, 0], [25296, 2, 0]]
xxxxx : [[22710, 10, 0]]
xfile : [[22710, 2, 0], [25036, 2, 0]]
xyz : [[22710, 1, 0], [23003, 1, 0], [23505, 1, 0], [25836, 1, 0], [25904, 5, 0], [25982, 2, 0]]
xyz122393481230912asdfa09s8df09s7df : [[22710, 2, 0]]
xma : [[22760, 1, 0], [23048, 1, 0], [25248, 1, 0], [27009, 1, 0]]
x0 : [[22779, 2, 0], [25065, 1, 0], [26792, 1, 0], [26975, 1, 0]]
x1 : [[22779, 2, 0], [23840, 1, 0], [25059, 1, 0], [26608, 2, 0], [26849, 2, 0.2], [26975, 1, 0], [27069, 8, 0], [27547, 1, 0], [27603, 1, 0]]
x2 : [[22779, 2, 0], [25059, 1, 0], [25904, 1, 0], [26849, 2, 0.2], [27069, 6, 0], [27547, 1, 0], [27603, 1, 0]]
x3 : [[22779, 2, 0], [24424, 3, 0], [25068, 1, 0], [25904, 4, 0], [26608, 2, 0], [27603, 1, 0]]
xore : [[22779, 2, 0]]
xi : [[22779, 5, 0], [23370, 1, 0], [24270, 1, 0], [24723, 1, 0], [24734, 1, 0], [25477, 4, 5.9], [25711, 1, 0], [26358, 1, 0], [26840, 1, 0], [26975, 2, 0]]
xj : [[22779, 4, 0]]
xcat : [[22878, 1, 0], [23157, 18, 0], [23196, 2, 0]]
x2816 : [[22919, 1, 0]]
x2815 : [[22919, 1, 0]]
xoro : [[22927, 1, 0]]
xp : [[22950, 1, 0], [23865, 10, 0.8], [24399, 1, 0], [25790, 1, 0], [26112, 1, 0]]
xtest : [[22963, 1, 0], [23618, 46, 0], [23939, 1, 0]]
xyz2lab : [[22974, 1, 0], [23505, 5, 5], [23618, 4, 0]]
x821 : [[23037, 1, 0]]
xs : [[23082, 2, 0], [24576, 2, 0], [25716, 1, 0]]
xl : [[23096, 1, 0], [24644, 2, 0.6], [25923, 2, 0.6], [27120, 3, 0]]
xgrid : [[23131, 1, 0]]
xstringifi : [[23157, 4, 0], [23196, 2, 0]]
xcat3 : [[23157, 4, 0]]
xcat4 : [[23157, 4, 0]]
xcat5 : [[23157, 2, 0]]
x86cpu : [[23157, 4, 0.4]]
xfirst : [[23157, 5, 0]]
xinteg : [[23157, 8, 0]]
xvalu : [[23157, 2, 0], [23400, 2, 0]]
xboolean : [[23157, 1, 0]]
xiujuan : [[23162, 1, 0], [27400, 1, 0]]
xposit : [[23170, 6, 0], [26849, 1, 0]]
xresolut : [[23170, 5, 0]]
xmean : [[23242, 2, 0], [23782, 1, 0]]
xdelet : [[23242, 2, 0], [23782, 1, 0]]
xli : [[23346, 4, 0]]
xfi : [[23346, 1, 0]]
xlx : [[23346, 1, 0]]
xla : [[23346, 2, 0]]
xfz : [[23346, 1, 0]]
xii : [[23346, 2, 0], [25477, 1, 0], [26840, 4, 5.9]]
xyz2luv : [[23505, 1, 0], [23618, 4, 0]]
xmkdir : [[23618, 4, 0], [25955, 1, 0]]
xyz2rgb : [[23618, 4, 0]]
xclanguagespecificationidentifi : [[23618, 1, 0]]
xcbuildconfigur : [[23618, 28, 0]]
xcconfigurationlist : [[23618, 15, 0]]
xiangmin : [[23646, 1, 0], [24237, 1, 0], [25711, 6, 0.30000000000000004], [27474, 1, 0]]
xu2 : [[23646, 1, 0]]
xiaoxiao : [[23646, 1, 0]]
xah : [[23650, 1, 0]]
xhtml : [[23712, 26, 7.1], [26588, 1, 0], [27076, 1, 0]]
xhtml1 : [[23712, 4, 0]]
xtoy : [[23759, 1, 0]]
xin : [[23815, 1, 0], [24177, 2, 0.2], [25508, 1, 0]]
xipe : [[23851, 1, 0]]
xor : [[23866, 1, 0], [24712, 3, 0.2], [24939, 1, 0], [25948, 8, 0.2], [26164, 5, 0], [26849, 1, 0], [26862, 1, 0]]
x789 : [[23932, 1, 0]]
x840 : [[23932, 1, 0]]
x20 : [[23944, 29, 0], [25085, 3, 0]]
xiaomin : [[24049, 2, 0]]
xiaominl : [[24049, 1, 0]]
xetex : [[24092, 1, 0]]
xelatex : [[24092, 1, 0]]
xilingz : [[24148, 4, 6], [26092, 1, 0]]
xcite : [[24212, 1, 0]]
xianp : [[24270, 1, 0]]
xlsm : [[24271, 2, 0.2], [26979, 2, 0.2]]
xilocblob : [[24334, 1, 0]]
xbwspblob : [[24334, 1, 0]]
xvsrnlong : [[24334, 2, 0]]
xanadu : [[24469, 4, 0.8], [25248, 1, 0]]
xy : [[24547, 1, 0], [24687, 3, 0], [25328, 3, 0.30000000000000004], [25507, 2, 0], [25641, 1, 0], [25770, 1, 0], [25931, 1, 0], [26901, 1, 0]]
xbm : [[24574, 1, 0]]
xcmd : [[24574, 1, 0]]
xinglonb : [[24696, 4, 6], [26092, 1, 0]]
xuan : [[24723, 1, 0]]
xiaoyu : [[24723, 1, 0]]
xiaoyi : [[24723, 1, 0]]
xiaoxun : [[24723, 1, 0]]
xbox : [[24856, 3, 0]]
xylophon : [[24856, 1, 0]]
xnor : [[24939, 2, 0.2]]
xmajorgrid : [[24950, 3, 0]]
xbar : [[24950, 1, 0]]
x0u : [[25065, 2, 0]]
xseer : [[25217, 3, 0.7]]
xenon : [[25248, 96, 0]]
xo : [[25248, 1, 0], [26631, 1, 0]]
xxxii : [[25248, 1, 0]]
xpress : [[25248, 10, 0]]
xl5 : [[25248, 1, 0]]
xxxtra : [[25248, 3, 0]]
xena : [[25248, 6, 0]]
xoom : [[25248, 2, 0], [26466, 1, 0], [26474, 1, 0]]
xxxvii : [[25248, 1, 0]]
xxth : [[25248, 1, 0]]
xxxvi : [[25248, 1, 0]]
x8 : [[25248, 1, 0]]
xix : [[25248, 1, 0], [26807, 1, 0]]
x2000 : [[25248, 2, 0]]
xchang : [[25248, 1, 0]]
xdoanex : [[25248, 1, 0]]
xerx : [[25248, 1, 0]]
xiu : [[25248, 2, 0]]
xpw : [[25248, 3, 0]]
xtreme : [[25248, 12, 0]]
xtro : [[25248, 1, 0]]
xzibit : [[25248, 1, 0]]
xpose : [[25248, 1, 0]]
xxxai : [[25393, 2, 0]]
xref : [[25401, 1, 0], [25698, 42, 0], [27049, 4, 0.4]]
xeditor : [[25519, 2, 0.1]]
xtrue : [[25569, 1, 0]]
xrefpq : [[25698, 7, 0]]
xrefentri : [[25698, 18, 0]]
x826 : [[25704, 1, 0]]
xiangxu : [[25711, 2, 0.1]]
xiaohong : [[25711, 2, 0]]
x509 : [[25785, 3, 0.2]]
xent : [[25785, 1, 0]]
x790 : [[25799, 1, 0]]
xyplot : [[25862, 5, 0]]
xlab : [[25862, 6, 0]]
xlim : [[25862, 2, 0], [27120, 1, 0]]
xr : [[25889, 2, 0], [27486, 3, 0]]
x10 : [[25904, 1, 0]]
xea : [[25904, 1, 0]]
xavera : [[25913, 1, 0]]
xing : [[25926, 2, 0.2], [27400, 2, 0]]
xori : [[25948, 4, 0.2]]
x792 : [[26210, 1, 0]]
xikui : [[26216, 1, 0]]
xxxyy : [[26230, 1, 0]]
xxxxxxxx : [[26230, 1, 0]]
xxxxxxx : [[26230, 1, 0]]
xomino : [[26269, 1, 0]]
xiaoxuan : [[26324, 1, 0]]
xenopu : [[26358, 1, 0]]
xxii : [[26358, 1, 0]]
x33 : [[26363, 2, 5]]
xvar : [[26510, 5, 0.4]]
xval : [[26510, 3, 0]]
xhx : [[26564, 2, 0]]
xid : [[26631, 4, 0.2]]
xcolor : [[26631, 3, 0.1]]
xql : [[26678, 2, 0.9]]
xtend : [[26738, 2, 0]]
xacml : [[26785, 3, 0]]
xn : [[26792, 1, 0]]
x7 : [[26792, 1, 0]]
x9 : [[26792, 1, 0]]
xcodeproj : [[26793, 7, 0]]
xcworkspac : [[26793, 1, 0]]
xcuserdata : [[26793, 1, 0]]
xvi : [[26807, 1, 0]]
xvii : [[26807, 1, 0]]
xiii : [[26840, 1, 0]]
xtick : [[27120, 1, 0]]
xdr : [[27171, 2, 0]]
xiong : [[27357, 1, 0]]
xiaop : [[27400, 1, 0]]
xico : [[27400, 1, 0]]
xinmin : [[27449, 6, 0]]
xiaomei : [[27449, 1, 0]]
xiaoxiang : [[27551, 7, 0.6]]
xerox : [[27707, 3, 0.1], [27779, 1, 0], [27785, 8, 0], [27818, 2, 0.1], [28085, 8, 0], [28330, 1, 0], [28833, 2, 0], [29218, 2, 0.9], [29228, 6, 0], [29309, 1, 0], [29451, 3, 1.0], [29819, 2, 0.1], [29956, 5, 0.9], [29974, 1, 0], [30167, 2, 0.1], [30377, 2, 0.9], [30632, 7, 0], [30703, 1, 0], [30706, 2, 0.1], [31215, 1, 0], [31504, 1, 0], [31877, 2, 0], [32020, 2, 0.9], [32264, 1, 0], [32693, 1, 0], [32992, 1, 0], [33026, 1, 0], [33084, 1, 0], [33111, 1, 0]]
xcode : [[27711, 1, 0], [27787, 1, 0], [27824, 1, 0], [27830, 1, 0], [27969, 1, 0], [28011, 1, 0], [28080, 1, 0], [28091, 1, 0], [28131, 1, 0], [28163, 1, 0], [28171, 1, 0], [28219, 1, 0], [28267, 1, 0], [28312, 1, 0], [28319, 1, 0], [28334, 1, 0], [28462, 1, 0], [28594, 1, 0], [29024, 1, 0], [29034, 1, 0], [29144, 1, 0], [29253, 1, 0], [29424, 1, 0], [29504, 1, 0], [29546, 1, 0], [29557, 1, 0], [29640, 1, 0], [29643, 1, 0], [29673, 1, 0], [29690, 1, 0], [30228, 1, 0], [30263, 1, 0], [30269, 1, 0], [30321, 1, 0], [30462, 1, 0], [30477, 1, 0], [30518, 1, 0], [30554, 1, 0], [31048, 1, 0], [31103, 1, 0], [31167, 1, 0], [31233, 1, 0], [31334, 1, 0], [31450, 1, 0], [31478, 1, 0], [31648, 3, 0.2], [31754, 1, 0], [31756, 1, 0], [31850, 1, 0], [32118, 1, 0], [32151, 1, 0], [32214, 1, 0], [32374, 1, 0], [32512, 1, 0], [32698, 1, 0], [32721, 1, 0], [32766, 1, 0], [32954, 1, 0]]
xm : [[27771, 1, 0], [29714, 2, 0]]
xml : [[27779, 1, 0], [27785, 57, 0], [27868, 1, 0], [27918, 4, 0], [27967, 1, 0], [28182, 1, 0], [28291, 2, 0.9], [28329, 8, 7.800000000000001], [28330, 1, 0], [28396, 1, 0], [28518, 1, 0], [28529, 1, 0], [28588, 4, 0], [28691, 1, 0], [28773, 1, 0], [28833, 9, 0], [28873, 1, 0], [28977, 1, 0], [29034, 14, 0], [29274, 2, 0.9], [29473, 21, 0], [29678, 4, 0], [29696, 1, 0], [29748, 2, 0], [30003, 1, 0], [30026, 5, 0], [30069, 1, 0], [30087, 1, 0], [30099, 2, 0.9], [30168, 20, 0], [30332, 4, 1.8], [30421, 4, 0], [30476, 8, 0], [31226, 6, 2.7], [31277, 2, 0], [31470, 1, 0], [31664, 18, 0.2], [31665, 1, 0], [31867, 3, 0], [32057, 4, 0], [32113, 1, 0], [32119, 2, 5], [32141, 4, 0], [32191, 4, 0], [32283, 2, 0.9], [32558, 1, 0], [32616, 2, 0.9], [32726, 5, 6], [32839, 1, 0], [33048, 2, 0], [33060, 6, 2.7]]
xxxx : [[27785, 4, 0], [31835, 2, 0.9]]
xxx : [[27785, 2, 0], [30168, 5, 0], [31421, 1, 0], [31484, 1, 0]]
xy : [[27838, 2, 0], [28909, 8, 0.30000000000000004], [31233, 3, 0], [31953, 1, 0], [32268, 1, 0]]
xinru : [[27906, 3, 5], [28401, 3, 5], [28603, 3, 5]]
xi : [[27946, 4, 5.9], [28330, 1, 0], [29889, 2, 0], [30025, 1, 0]]
xiaoxun : [[27948, 1, 0], [32785, 1, 0]]
xie : [[27948, 1, 0], [29245, 1, 0], [30597, 2, 0], [31927, 1, 0], [32785, 1, 0]]
xp : [[28034, 1, 0], [28833, 2, 0], [29303, 1, 0], [30596, 1, 0], [32315, 1, 0], [32374, 3, 0], [32721, 1, 0]]
xb : [[28034, 1, 0]]
xv6 : [[28037, 4, 6], [29023, 22, 0.4], [30526, 49, 5.1000000000000005], [30549, 4, 6]]
xemac : [[28134, 2, 0]]
x825 : [[28187, 1, 0]]
xfx : [[28208, 1, 0]]
xvh1seoomjdrjtmjrmdg2g : [[28220, 2, 0]]
xma018665 : [[28220, 1, 0]]
x1 : [[28233, 1, 0], [29625, 2, 0], [32676, 2, 0.2], [32766, 4, 0]]
x2 : [[28233, 1, 0], [29625, 2, 0], [31982, 1, 0], [32676, 2, 0.2], [32766, 4, 0]]
xpoint : [[28233, 1, 0]]
xxooc : [[28260, 1, 0]]
xmen : [[28276, 2, 0]]
xslt : [[28330, 1, 0], [28588, 1, 0], [28977, 1, 0], [30087, 1, 0]]
xvi : [[28330, 2, 0]]
xx : [[28330, 1, 0], [30526, 3, 0.9], [31790, 1, 0], [31811, 3, 0]]
xliii : [[28330, 1, 0]]
xviii : [[28330, 2, 0], [32982, 1, 0]]
xxii : [[28330, 2, 0]]
xlvii : [[28330, 1, 0]]
xplore : [[28339, 1, 0]]
xpage : [[28401, 1, 0]]
xtrue : [[28462, 1, 0], [29557, 1, 0]]
xu : [[28566, 8, 0], [28786, 1, 0], [28896, 1, 0], [29245, 2, 0], [29332, 1, 0], [30060, 1, 0], [30473, 8, 0], [30963, 14, 0.30000000000000004], [31007, 1, 0], [31021, 1, 0], [31028, 8, 0], [32610, 1, 0], [33003, 8, 5.8]]
xiong : [[28593, 1, 0], [29245, 1, 0]]
xl : [[28625, 2, 0.6], [29234, 1, 0], [29313, 1, 0], [29424, 3, 0], [30211, 2, 0.6], [30530, 2, 0.6]]
x1000 : [[28643, 1, 0]]
xanadu : [[28646, 1, 0], [30841, 6, 0.4], [31089, 2, 0.2]]
x86 : [[28649, 2, 0], [29023, 4, 0], [29167, 2, 0], [30526, 2, 0], [30678, 2, 0], [31059, 1, 0], [31105, 2, 0], [33054, 4, 0]]
xilingz : [[28666, 1, 0]]
xinglonb : [[28666, 1, 0]]
x789 : [[28775, 1, 0]]
x840 : [[28775, 1, 0]]
xiangmin : [[28786, 1, 0]]
xq : [[28790, 1, 0], [28924, 1, 0]]
xti : [[28807, 2, 0]]
xsl : [[28833, 2, 0]]
xytho : [[28833, 3, 0], [33048, 1, 0]]
x20 : [[28860, 1, 0]]
x5c : [[28860, 1, 0]]
x5d : [[28860, 1, 0]]
xyz : [[28909, 1, 0], [30168, 1, 0], [30653, 2, 0]]
xz : [[28909, 6, 0.2]]
xzi : [[28909, 1, 0], [32405, 1, 0]]
xlsx : [[28916, 1, 0]]
xn : [[28924, 1, 0], [32374, 3, 0]]
xd : [[28924, 1, 0]]
xa : [[28930, 1, 0], [32878, 1, 0]]
xtune : [[29034, 1, 0], [31831, 1, 0]]
xtest : [[29034, 1, 0]]
xman : [[29034, 6, 0]]
xresolut : [[29044, 5, 0]]
xlsreadwrit : [[29123, 1, 0]]
xlab : [[29123, 3, 0], [29903, 3, 0], [31188, 1, 0]]
x24 : [[29190, 1, 0]]
xiao : [[29245, 2, 0], [29411, 2, 0.2], [30415, 1, 0]]
xiaochen : [[29245, 1, 0]]
xc : [[29290, 2, 0], [29714, 1, 0]]
xk : [[29393, 1, 0]]
xing : [[29417, 2, 0], [31552, 1, 0], [31766, 2, 0]]
xlim : [[29424, 1, 0], [29903, 3, 0]]
xtick : [[29424, 1, 0]]
xvalu : [[29557, 3, 0]]
xor : [[29575, 2, 0], [30034, 2, 0], [32355, 4, 0.4]]
xikar : [[29591, 4, 6]]
xianghua : [[29611, 2, 0]]
xiaobin : [[29611, 1, 0]]
xia : [[29611, 1, 0]]
xwhether : [[29673, 1, 0]]
xthreshold : [[29673, 1, 0]]
xcodeproj : [[29682, 4, 6], [32978, 4, 6]]
xcshareddata : [[29682, 4, 6], [32978, 4, 6]]
xcscheme : [[29682, 1, 0], [32978, 7, 6]]
xgmml : [[29696, 1, 0]]
xmosaic : [[29714, 5, 0.9]]
xv : [[29714, 4, 0.2]]
x11 : [[29714, 5, 0]]
xlib : [[29714, 1, 0]]
xcf : [[29714, 1, 0]]
xwindow : [[29714, 1, 0]]
xth : [[29771, 1, 0]]
xin : [[29791, 1, 0], [30677, 1, 0], [31021, 1, 0], [31897, 1, 0]]
xiujuan : [[29839, 1, 0]]
xah : [[29842, 1, 0]]
xplormath : [[29842, 1, 0]]
xiaofan : [[30017, 1, 0], [32116, 1, 0]]
xico : [[30017, 10, 0], [32116, 4, 0]]
xiarmando : [[30025, 1, 0]]
xhandl : [[30026, 6, 0]]
xmodel : [[30026, 1, 0]]
xingyu : [[30060, 1, 0]]
xyx : [[30168, 6, 0]]
xxyx : [[30168, 1, 0]]
xon : [[30215, 1, 0]]
xoff : [[30215, 1, 0]]
xavier : [[30276, 1, 0]]
xanthipp : [[30337, 5, 0]]
xhtml : [[30525, 1, 0], [30597, 1, 0], [31664, 1, 0]]
x11r6 : [[30526, 1, 0]]
xlsm : [[30527, 1, 0]]
xenofon : [[30597, 1, 0]]
xaaab : [[30653, 2, 0]]
xcrun : [[30678, 1, 0]]
xscale : [[30733, 1, 0]]
xma : [[30911, 1, 0]]
xmln : [[30993, 1, 0]]
xiaom : [[31007, 1, 0]]
xr : [[31048, 2, 0]]
xbm : [[31089, 2, 0.2], [31664, 1, 0]]
xcmd : [[31089, 2, 0.2]]
xyxi : [[31226, 2, 0.9]]
xmlio : [[31278, 1, 0]]
xvlarray : [[31334, 1, 0]]
xscalar : [[31334, 1, 0]]
xmatalb : [[31334, 1, 0]]
xentt : [[31354, 2, 0.2]]
xen : [[31354, 2, 0.2]]
xensummit : [[31354, 2, 0.1]]
xvec : [[31541, 2, 0]]
xlink : [[31664, 1, 0]]
xime : [[31684, 1, 0]]
xldb : [[31684, 2, 0]]
xref : [[31731, 2, 0.2]]
xt : [[31811, 1, 0]]
xiipt : [[31811, 3, 0]]
xivpt : [[31811, 3, 0]]
xviipt : [[31811, 3, 0]]
xxpt : [[31811, 3, 0]]
xxvpt : [[31811, 3, 0]]
xproof : [[31811, 3, 0]]
xdef : [[31811, 2, 0]]
xdefthm : [[31811, 2, 0]]
xsect : [[31811, 2, 0]]
xtitlenot : [[31811, 1, 0]]
xxxxx : [[31811, 1, 0]]
xije : [[31813, 1, 0]]
xng : [[31813, 1, 0]]
xra3600 : [[31872, 12, 0]]
xilinx : [[31924, 1, 0], [32861, 1, 0]]
xue : [[31927, 1, 0]]
x3mxmzk5nk975 : [[32069, 1, 0]]
xpmbercaot70lzwl4nfp1o1byclnxze2jxp4zum0g4lyyuraexhhwf4 : [[32069, 1, 0]]
xmvaqx6987m2kpdspr5jji1rdkpctzutapp9yjfctaltpq0hkioegybx3nqkw6y0o645edyn039qykqneryrbkznnoimxskszq4t2zn : [[32069, 1, 0]]
xgroduz7qirldxwusplq : [[32069, 1, 0]]
x18 : [[32080, 1, 0]]
x9 : [[32235, 2, 0]]
x01 : [[32355, 5, 0.4]]
x01z : [[32355, 5, 0.4]]
xnor : [[32355, 2, 0.2]]
xlabel : [[32374, 1, 0]]
xpt : [[32459, 2, 0]]
xipt : [[32459, 2, 0]]
xipe : [[32461, 1, 0]]
xavor : [[32461, 1, 0]]
x5694 : [[32541, 1, 0]]
xiaomi : [[32610, 1, 0]]
x3 : [[32676, 2, 0.2]]
xp1 : [[32766, 2, 0]]
xp2 : [[32766, 2, 0]]
xj : [[32788, 1, 0]]
xoom : [[32826, 1, 0]]
xxv : [[32982, 1, 0]]
xmkdir : [[33039, 1, 0]]
xyz2lab : [[33039, 1, 0]]
xyz2luv : [[33039, 1, 0]]
xyz2rgb : [[33039, 1, 0]]
x64 : [[33054, 2, 0]]
xfce : [[33187, 3, 0.2]]
xfvz : [[33187, 1, 0]]
xvfz : [[33187, 2, 0.2]]
xhayman : [[33234, 1, 0]]
xhersch1 : [[33234, 1, 0]]
xhersch2 : [[33234, 1, 0]]
xslt : [[33239, 1, 0], [33661, 1, 0], [33799, 1, 0], [34605, 1, 0], [35265, 1, 0], [35632, 1, 0], [37573, 1, 0], [37971, 1, 0]]
xml : [[33239, 1, 0], [33251, 2, 0.9], [33519, 2, 0.9], [33661, 1, 0], [33799, 1, 0], [33862, 4, 0], [33888, 2, 0], [33979, 3, 0], [33982, 4, 0.9], [34187, 4, 0], [34454, 4, 0], [34498, 8, 3.6], [34605, 1, 0], [34685, 22, 0.8999999999999999], [34733, 8, 3.6], [34823, 2, 0], [34850, 3, 0], [34865, 1, 0], [34922, 2, 0.9], [35021, 2, 0], [35111, 1, 0], [35155, 6, 0], [35265, 1, 0], [35632, 1, 0], [35765, 4, 0], [35929, 34, 0], [35967, 1, 0], [36072, 2, 0.9], [36167, 1, 0], [36648, 1, 0], [36649, 4, 0], [36695, 1, 0], [36728, 2, 0], [36963, 17, 0], [37055, 1, 0], [37241, 1, 0], [37468, 4, 0.4], [37515, 1, 0], [37573, 1, 0], [37642, 1, 0], [37707, 4, 0], [37717, 1, 0], [37897, 2, 0], [37940, 2, 0.9], [37971, 1, 0], [38450, 8, 2.7], [38618, 1, 0], [38700, 1, 0], [38740, 1, 0]]
xxx : [[33251, 2, 0.9], [34161, 7, 0.30000000000000004], [35340, 1, 0], [38061, 4, 5.9], [38443, 7, 0]]
xilingz : [[33256, 1, 0], [37295, 4, 6]]
xinglonb : [[33256, 1, 0]]
xerox : [[33329, 9, 0.7], [33346, 1, 0], [33480, 1, 0], [33525, 1, 0], [33954, 4, 1.8], [34382, 2, 0.1], [34609, 2, 0.2], [34681, 3, 0], [34850, 3, 0], [35405, 1, 0], [35732, 1, 0], [35856, 4, 0.1], [35879, 2, 0.2], [36032, 4, 0], [36684, 2, 0.1], [36963, 1, 0], [38404, 10, 0], [38476, 2, 0.1], [38733, 1, 0]]
xi : [[33349, 1, 0], [33834, 4, 1.8], [34914, 1, 0], [35686, 1, 0], [35798, 8, 0], [35810, 1, 0], [36272, 1, 0], [37044, 5, 0], [37487, 1, 0], [38386, 2, 0.1], [38423, 1, 0]]
xcode : [[33361, 1, 0], [33387, 1, 0], [33430, 1, 0], [33495, 1, 0], [33654, 1, 0], [33807, 1, 0], [33812, 1, 0], [34072, 1, 0], [34235, 2, 0], [34285, 1, 0], [34393, 1, 0], [34424, 1, 0], [34756, 1, 0], [34856, 1, 0], [35218, 1, 0], [35286, 1, 0], [35387, 1, 0], [35408, 1, 0], [35445, 1, 0], [35456, 1, 0], [35602, 1, 0], [36009, 1, 0], [36047, 1, 0], [36394, 1, 0], [36411, 1, 0], [36453, 1, 0], [36592, 1, 0], [36638, 1, 0], [36671, 1, 0], [36679, 1, 0], [36936, 1, 0], [36999, 1, 0], [37015, 1, 0], [37029, 1, 0], [37179, 1, 0], [37202, 1, 0], [37302, 1, 0], [37460, 1, 0], [37467, 1, 0], [37544, 1, 0], [37673, 1, 0], [37804, 1, 0], [37823, 1, 0], [37830, 1, 0], [37837, 1, 0], [37847, 1, 0], [37956, 1, 0], [38064, 1, 0], [38103, 1, 0], [38294, 1, 0], [38323, 1, 0], [38376, 1, 0], [38596, 1, 0], [38619, 1, 0]]
x1 : [[33387, 3, 0], [33834, 4, 1.8], [34440, 6, 0], [35203, 17, 0.7999999999999999], [37948, 1, 0]]
x2 : [[33387, 3, 0], [33793, 2, 0], [33834, 2, 0.9], [34440, 5, 0], [35203, 12, 0.7999999999999999], [35396, 2, 0], [37948, 1, 0], [38198, 1, 0]]
xv6 : [[33416, 46, 5.1000000000000005], [37823, 4, 0.2], [38375, 2, 0]]
xx : [[33416, 3, 0.9], [35203, 69, 4.6]]
x86 : [[33416, 2, 0], [33567, 3, 0], [33568, 1, 0], [34898, 1, 0], [37329, 2, 0.2], [37823, 1, 0], [38596, 2, 0]]
x11r6 : [[33416, 1, 0]]
xtra : [[33435, 2, 0]]
xing : [[33566, 1, 0]]
x64 : [[33567, 3, 0], [34898, 1, 0]]
xy : [[33580, 1, 0], [33686, 1, 0], [34676, 1, 0], [36842, 3, 0], [38198, 3, 0]]
xytho : [[33593, 1, 0], [33839, 1, 0], [34823, 1, 0]]
xhtml : [[33706, 1, 0], [37413, 1, 0]]
xingbo : [[33746, 1, 0]]
xiaohui : [[33815, 1, 0], [35924, 1, 0], [36757, 2, 0], [37786, 1, 0]]
xie : [[33815, 1, 0], [35790, 1, 0], [35924, 1, 0], [36125, 1, 0], [36751, 1, 0], [36757, 2, 0], [37044, 1, 0]]
xk : [[33834, 2, 0.9], [34121, 1, 0], [34440, 2, 0], [37015, 8, 0]]
x0 : [[33834, 4, 1.8]]
xxxxx : [[33979, 3, 0]]
xyz : [[33979, 1, 0], [36592, 3, 0], [37604, 1, 0]]
xu : [[34052, 8, 0], [34198, 3, 0], [34550, 5, 0], [34914, 3, 0], [35721, 1, 0], [35790, 1, 0], [35980, 8, 0], [36751, 1, 0], [38642, 2, 0.9]]
xianghong : [[34062, 1, 0], [38751, 1, 0]]
xresolu : [[34069, 1, 0]]
xposit : [[34069, 1, 0]]
xccawtcto : [[34121, 1, 0]]
xzgm0uw12xy6wnh532q8exgss4tmqzojwiv47mi9zzr56aaq8c : [[34121, 1, 0]]
xxwz33wlp18pzzukng9i9x2wuw : [[34121, 1, 0]]
xyysiytfvhlxwavsoaf9 : [[34121, 1, 0]]
xeotxchdwrzw8nixlcmzmgrdg90vrzjmdlzrod6eofd : [[34121, 1, 0]]
xswit2sk : [[34121, 1, 0]]
xb1amva2foa4cbcibm4s8dxhwew5x4t : [[34121, 1, 0]]
xsyxn46 : [[34121, 1, 0]]
xfvyrgom5tz8fls73tbobvcavwd5g : [[34121, 1, 0]]
xqmbfpc8oogphd3lvvt : [[34121, 1, 0]]
xykzfxbxnntvh08 : [[34121, 1, 0]]
xpg : [[34121, 1, 0]]
xtaxu : [[34121, 1, 0]]
x3ee892y6qoh1nz1wf : [[34121, 1, 0]]
xkkvuqhw : [[34121, 1, 0]]
xs1lon6yj8ypyjw : [[34121, 1, 0]]
xkqfyvlp1v50uv2qi1o9h0ebnlhl5c : [[34121, 1, 0]]
xmbytgvusbl7l1 : [[34121, 1, 0]]
xjvyvrerrihz3cr49kc71kscknlsqziuonoxbq77 : [[34121, 1, 0]]
xfur : [[34121, 1, 0]]
xomhz50pt3by : [[34121, 1, 0]]
xisnpxilscp : [[34121, 1, 0]]
x6 : [[34121, 1, 0], [35396, 2, 0]]
xu9fq : [[34121, 1, 0]]
xpch1t : [[34121, 1, 0]]
xnoc1q8p7l6zip0rjfwzkqplqtl56s50rnfrt5fiuvgqnaz160 : [[34121, 1, 0]]
xjlntwrw : [[34121, 1, 0]]
xjzea796q7xy7k96glgjg34ndud : [[34121, 1, 0]]
xgr2retandeyjia4unjid2dy2grgbisx3wwsypf4pwaq0bgoarqfjuz2oghdhv1z : [[34121, 1, 0]]
xb7uxoy9u1m0a7lltokrowou0ys48cfyyboawdkkvsnw7twfl5v3ixf : [[34121, 1, 0]]
x7v67u8n4 : [[34121, 1, 0]]
xjicrivvbdsgmpys1scxx7k54bjjkvq : [[34121, 1, 0]]
xci : [[34121, 1, 0]]
x8 : [[34121, 1, 0]]
xo4 : [[34121, 1, 0]]
xt6njzx6ulivu : [[34121, 1, 0]]
xs8 : [[34121, 1, 0]]
xp07cv3h235uo8dnjjcnxxdsjmuam : [[34121, 1, 0]]
xrovjjrhboo7mdjbnn4c5c2ztmei6rvwj : [[34121, 1, 0]]
xzl5win6ancsqg40bu44keaj : [[34121, 1, 0]]
x0qrdaeoxr70gv16ppo4lj : [[34121, 1, 0]]
x66yery97m : [[34121, 1, 0]]
xwuh : [[34121, 1, 0]]
x9mzbuyunq116riorrwq : [[34121, 1, 0]]
xmmbyc5pbd0hq : [[34121, 1, 0]]
x45arvpztjvifwlctg0xah1ilvaysj102plu : [[34121, 1, 0]]
xhkflojd5auiobawhcozz9hztaxdbzndykxzst : [[34121, 1, 0]]
xtm7iysiwzrsttcjwpegfk4msapoabwa : [[34121, 1, 0]]
xapewf7yf7j3xti : [[34121, 1, 0]]
xcs7xkleg : [[34121, 1, 0]]
xhmfsxhiiad79pnnfsqoijy8 : [[34121, 1, 0]]
xxx30fjuv6qyd2grum3evminn2 : [[34121, 1, 0]]
x33b4xxnaiydfwchge7ahpdthyb : [[34121, 1, 0]]
xoabnnn : [[34121, 1, 0]]
xfedstrzlmws8x0bk4ewpf9l7uispq98gh8 : [[34121, 1, 0]]
xktqojhzdfjo1kvu48sjmxfr3as21fonccjr : [[34121, 1, 0]]
xkr2h91k6agnb : [[34121, 1, 0]]
xqcdak1 : [[34121, 1, 0]]
xkyohwee865y4j : [[34121, 1, 0]]
x0pggqvk8idd0r : [[34121, 1, 0]]
xoky4ii2khwlpk3vfxrl4fggb : [[34121, 1, 0]]
xwehm : [[34121, 1, 0]]
xxcgrcz4nam8hncuc6a8eyrvyclbwapq4c49 : [[34121, 1, 0]]
xah : [[34176, 1, 0], [36829, 1, 0], [37729, 2, 0]]
xikui : [[34198, 1, 0], [34914, 1, 0], [37430, 2, 0]]
xia : [[34198, 2, 0], [37044, 1, 0]]
xiong : [[34198, 1, 0], [34914, 2, 0]]
xbt : [[34224, 1, 0]]
xzf : [[34235, 1, 0]]
xtest : [[34235, 1, 0], [35091, 4, 6]]
xmulat : [[34248, 1, 0]]
xiao : [[34316, 1, 0], [34521, 1, 0], [34914, 3, 0], [36751, 1, 0]]
xin : [[34368, 2, 0.2], [34914, 1, 0]]
xfile : [[34409, 4, 1.8]]
x3 : [[34440, 4, 0], [35396, 2, 0], [38404, 1, 0]]
xn : [[34440, 5, 0], [37948, 1, 0]]
x4 : [[34440, 1, 0], [35396, 2, 0]]
x1x2x3 : [[34440, 1, 0]]
x1x3x4 : [[34440, 1, 0]]
x1x2x4 : [[34440, 1, 0]]
x2x3x4 : [[34440, 1, 0]]
xnor : [[34492, 2, 0.2]]
xxxx : [[34498, 2, 0.9], [34733, 2, 0.9]]
xma : [[34661, 4, 5.9], [37860, 4, 5.9]]
xix : [[34674, 1, 0]]
xanadu : [[34718, 1, 0], [36648, 1, 0]]
xxxxlet : [[34733, 1, 0]]
xl : [[34859, 2, 0.6], [36889, 1, 0], [37673, 3, 0], [37992, 2, 0.6]]
xiuyang : [[34914, 1, 0]]
xian : [[34914, 1, 0]]
xiaochen : [[34914, 3, 0]]
xuyang : [[34914, 1, 0]]
xiangyu : [[34914, 1, 0]]
xingyou : [[34914, 1, 0]]
xiwen : [[34914, 1, 0]]
xile : [[34914, 1, 0]]
xiaomi : [[34914, 1, 0], [36751, 1, 0]]
xingwei : [[34914, 1, 0]]
xuan : [[34914, 1, 0], [36751, 1, 0]]
xiangzh : [[34914, 1, 0]]
xiaolu : [[34914, 1, 0]]
xiaowei : [[34914, 1, 0]]
xiaoxi : [[34914, 1, 0]]
xizi : [[34914, 1, 0]]
xiang : [[34914, 1, 0]]
xiangyi : [[34914, 1, 0]]
xiaorun : [[34914, 1, 0]]
xiangd : [[34914, 1, 0]]
xiaoru : [[34914, 1, 0]]
xinghao : [[34914, 1, 0]]
xinyun : [[34914, 1, 0]]
xo : [[34999, 1, 0], [37044, 1, 0]]
x826 : [[35007, 1, 0]]
xp : [[35105, 1, 0], [36695, 1, 0], [37044, 4, 0], [37716, 5, 0.2], [38059, 1, 0], [38765, 2, 0]]
xor : [[35144, 1, 0], [35165, 4, 6], [35203, 4, 0.2], [36725, 1, 0], [37869, 1, 0], [38070, 2, 5]]
xcon : [[35203, 1, 0]]
xset : [[35203, 3, 0]]
x841 : [[35249, 1, 0]]
xinhasdog : [[35263, 2, 0]]
xianp : [[35296, 2, 0.9]]
x5 : [[35396, 2, 0]]
xinv : [[35396, 37, 0]]
xv : [[35506, 1, 0], [35734, 1, 0], [35798, 1, 0], [36325, 1, 0], [36857, 4, 5.9]]
xaver : [[35633, 1, 0]]
xresolut : [[35642, 5, 0], [38662, 4, 0]]
xiii : [[35734, 4, 5.9], [35798, 2, 0], [36857, 1, 0]]
xii : [[35798, 6, 0]]
xiv : [[35798, 2, 0], [38200, 1, 0]]
xvi : [[35798, 1, 0]]
xvii : [[35798, 1, 0]]
xiaobin : [[35945, 1, 0]]
xb : [[36226, 2, 0]]
x791 : [[36238, 1, 0]]
xref : [[36379, 2, 0.2]]
xit : [[36412, 1, 0]]
xibo : [[36482, 1, 0]]
xipe : [[36483, 1, 0]]
xyzvl : [[36592, 1, 0]]
xyz2lab : [[36592, 2, 0.2]]
xyz2luv : [[36592, 2, 0.2]]
xyz2rgb : [[36592, 2, 0.2]]
xmkdir : [[36592, 2, 0.2]]
xsat : [[36666, 3, 0]]
x3sat : [[36666, 2, 0]]
xqueri : [[36695, 1, 0]]
xingdong : [[36751, 1, 0]]
xue : [[36751, 1, 0]]
xiaofeng : [[36751, 1, 0]]
xiaoli : [[36757, 3, 0]]
xar : [[36810, 1, 0]]
xw : [[36839, 2, 0]]
xgr : [[36839, 1, 0]]
xlabel : [[37015, 2, 0]]
xiz : [[37044, 1, 0]]
xca : [[37044, 1, 0]]
xcz : [[37044, 1, 0]]
xpa : [[37044, 1, 0]]
xpz : [[37044, 1, 0]]
xta : [[37044, 1, 0]]
xtz : [[37044, 1, 0]]
xifcb : [[37044, 1, 0]]
xifu : [[37044, 1, 0]]
xifl : [[37044, 1, 0]]
xifm : [[37044, 1, 0]]
xifc : [[37044, 1, 0]]
xib : [[37044, 1, 0]]
xcb : [[37044, 1, 0]]
xc : [[37044, 5, 0]]
xce : [[37044, 1, 0]]
xob : [[37044, 1, 0]]
xoe : [[37044, 1, 0]]
xofb : [[37044, 1, 0]]
xof : [[37044, 1, 0]]
xofe : [[37044, 1, 0]]
xz : [[37044, 8, 0]]
xcfilter : [[37044, 2, 0]]
xt : [[37044, 4, 0]]
xadl : [[37055, 1, 0], [38765, 22, 6]]
x440p : [[37058, 1, 0]]
xfer : [[37121, 2, 0]]
x0z : [[37121, 1, 0]]
x1z : [[37121, 1, 0]]
x2z : [[37121, 1, 0]]
x3z : [[37121, 1, 0]]
x4z : [[37121, 1, 0]]
x5z : [[37121, 1, 0]]
xoro : [[37177, 1, 0]]
xinru : [[37271, 1, 0]]
xfiniti : [[37442, 1, 0]]
xlab : [[37496, 2, 0]]
xlim : [[37496, 2, 0], [37673, 2, 0]]
xscale : [[37551, 1, 0], [38291, 2, 0]]
xilinx : [[37651, 1, 0]]
xtick : [[37673, 2, 0]]
xenix : [[37869, 11, 0]]
xdock : [[37985, 2, 0]]
xiangqi : [[38030, 1, 0]]
xmodem : [[38129, 1, 0]]
xiaohong : [[38135, 1, 0]]
xform : [[38200, 1, 0]]
x500 : [[38222, 1, 0]]
x3l2 : [[38404, 1, 0]]
xprobe : [[38404, 1, 0]]
xbox : [[38438, 1, 0]]
xs : [[38449, 2, 0]]
xianghua : [[38493, 1, 0]]
xiaochun : [[38618, 2, 0]]
xiaobo : [[38642, 2, 0.9]]
xml : [[38786, 4, 0], [38864, 3, 0], [39184, 1, 0], [39465, 4, 0.9], [39529, 2, 0.1], [39535, 4, 0], [39541, 2, 0], [39582, 6, 6.9], [39701, 1, 0], [39712, 2, 0], [40072, 1, 0], [40091, 1, 0], [40163, 1, 0], [40666, 2, 0], [40747, 3, 0], [41047, 37, 0], [41067, 14, 0.7], [41464, 20, 0], [41556, 6, 1.9], [41559, 4, 0], [41612, 2, 0.9], [41972, 1, 0], [41977, 2, 0.8], [41991, 1, 0], [42009, 55, 6.800000000000001], [42180, 1, 0], [42205, 4, 0], [42228, 2, 0.9], [42357, 1, 0], [42361, 2, 5], [42363, 1, 0], [42947, 1, 0], [42982, 2, 0], [43066, 2, 0.2], [43302, 1, 0], [43342, 2, 0], [43446, 1, 0], [43713, 1, 0], [43734, 1, 0], [43795, 1, 0], [43965, 1, 0], [44219, 4, 0], [44279, 2, 0.9], [44310, 3, 0]]
xxx : [[38818, 1, 0], [40278, 24, 0], [40758, 2, 0], [41047, 5, 0], [42671, 4, 0.2], [43437, 1, 0]]
xerox : [[38844, 3, 0.9], [38999, 1, 0], [39039, 6, 0], [39152, 2, 0.1], [39580, 1, 0], [39990, 1, 0], [40808, 1, 0], [41089, 1, 0], [42086, 1, 0], [42746, 2, 0.1], [43026, 1, 0], [43370, 6, 0.30000000000000004], [43437, 1, 0], [43473, 1, 0], [43737, 3, 0]]
xcode : [[38886, 1, 0], [39003, 1, 0], [39046, 1, 0], [39089, 1, 0], [39263, 1, 0], [39375, 1, 0], [39503, 1, 0], [39545, 1, 0], [39741, 1, 0], [39779, 1, 0], [39953, 1, 0], [40287, 1, 0], [40363, 1, 0], [40494, 1, 0], [40543, 1, 0], [40564, 3, 0], [40748, 1, 0], [40803, 1, 0], [40913, 1, 0], [40929, 1, 0], [40992, 1, 0], [41105, 1, 0], [41106, 1, 0], [41119, 1, 0], [41219, 1, 0], [41231, 1, 0], [41363, 1, 0], [41401, 1, 0], [41476, 1, 0], [41525, 1, 0], [41807, 1, 0], [41810, 1, 0], [41886, 1, 0], [41889, 1, 0], [41917, 1, 0], [41969, 1, 0], [42243, 1, 0], [42323, 1, 0], [42382, 1, 0], [42396, 1, 0], [42437, 1, 0], [42501, 1, 0], [42594, 1, 0], [42833, 6, 0.9], [42834, 1, 0], [42839, 1, 0], [42926, 1, 0], [43518, 1, 0], [43521, 1, 0], [43684, 1, 0], [43761, 1, 0], [43996, 1, 0], [44061, 1, 0], [44287, 1, 0], [44294, 1, 0]]
xian : [[38907, 1, 0], [39553, 1, 0], [42344, 1, 0]]
xiaohui : [[38978, 1, 0], [39438, 5, 5.2], [40299, 1, 0]]
xie : [[38978, 1, 0], [39438, 15, 5.2], [39951, 1, 0], [40299, 1, 0], [42460, 2, 0]]
xeroc : [[39039, 1, 0]]
xxxx : [[39039, 1, 0], [40278, 36, 1.2], [41047, 24, 0]]
xefo : [[39055, 1, 0]]
xslt : [[39184, 1, 0], [39465, 2, 0], [39701, 1, 0], [41991, 1, 0], [42009, 1, 0], [42205, 1, 0], [43713, 1, 0], [43734, 1, 0], [43795, 1, 0]]
xy : [[39197, 1, 0], [39701, 2, 0], [39977, 1, 0], [41000, 6, 0.6000000000000001], [41419, 1, 0], [43906, 4, 0]]
xiangwen : [[39228, 3, 0]]
xj : [[39233, 1, 0]]
x3 : [[39233, 1, 0], [39544, 1, 0], [42700, 1, 0], [43767, 16, 0]]
xiaomin : [[39288, 1, 0]]
xiaowei : [[39288, 1, 0]]
xma : [[39310, 1, 0]]
xl : [[39354, 2, 0.6], [39879, 2, 0.6], [40016, 36, 3.600000000000001], [41012, 2, 0.6], [41998, 2, 0.6], [43281, 1, 0]]
xhx : [[39438, 1, 0]]
xing : [[39438, 1, 0], [39553, 1, 0], [43066, 1, 0]]
xhtml : [[39465, 1, 0], [39832, 1, 0], [42009, 3, 0]]
xsl : [[39465, 1, 0], [42009, 3, 0]]
xu : [[39488, 1, 0], [39662, 1, 0], [39846, 1, 0], [40096, 1, 0], [40199, 8, 0], [40316, 1, 0], [42344, 1, 0], [43524, 1, 0]]
xlab : [[39493, 9, 0], [39754, 7, 0], [39935, 9, 0]]
xlim : [[39493, 1, 0]]
xtild : [[39493, 9, 0], [39935, 8, 0]]
xtinv : [[39493, 1, 0]]
x2 : [[39544, 1, 0], [39754, 8, 0], [41131, 6, 0.6000000000000001], [42700, 1, 0], [43767, 17, 0]]
xiujuan : [[39553, 1, 0], [41814, 1, 0]]
xvar : [[39564, 2, 0.2]]
xp : [[39654, 3, 0], [42686, 2, 0.2], [43671, 1, 0], [43695, 1, 0]]
xtra : [[39662, 2, 0]]
xeon : [[39669, 1, 0], [42889, 1, 0]]
xcap : [[39669, 6, 0.2]]
xentt : [[39669, 6, 0.2]]
xen : [[39669, 2, 0], [40104, 1, 0]]
x11 : [[39754, 12, 0], [41001, 1, 0], [42344, 1, 0]]
x21 : [[39754, 12, 0]]
xa : [[39818, 1, 0], [41188, 2, 0.2]]
xor : [[39846, 1, 0], [41834, 1, 0], [43873, 3, 0]]
xnor : [[39846, 1, 0]]
x1 : [[39903, 2, 0], [39961, 1, 0], [41131, 6, 0.6000000000000001], [42700, 1, 0], [43734, 2, 0], [43767, 25, 0]]
xtildeinv : [[39935, 17, 0]]
xstd : [[39935, 4, 0], [43513, 1, 0]]
xt : [[39935, 1, 0]]
xstar : [[39935, 6, 0], [43513, 1, 0]]
xi : [[39954, 1, 0], [42105, 2, 0], [42700, 3, 0], [43070, 4, 5.9], [43524, 1, 0], [43767, 37, 0]]
xn : [[39961, 2, 0.1], [42700, 1, 0], [43734, 2, 0]]
xcat4 : [[39975, 1, 0]]
xd : [[39975, 3, 0], [41284, 1, 0]]
xdim : [[39975, 2, 0]]
xb : [[39977, 1, 0], [41188, 2, 0.2]]
xx : [[40009, 2, 0], [41119, 1, 0], [43041, 3, 0.1]]
xv6 : [[40009, 1, 0], [40081, 16, 0.2], [40375, 2, 0]]
x86 : [[40081, 4, 0], [41486, 2, 0], [41962, 11, 0], [43054, 1, 0], [44250, 1, 0]]
xyzx : [[40107, 1, 0]]
xinglonb : [[40316, 1, 0], [43720, 1, 0]]
xinlinp1 : [[40316, 1, 0]]
xilingz : [[40330, 4, 6], [40399, 4, 6], [43720, 1, 0]]
x64 : [[40339, 3, 0.2]]
x7wopkd4t456jbxwvt8belw6k : [[40496, 1, 0]]
xp53vc1dcnyzk1nasspx8icclvqtbmoo : [[40496, 1, 0]]
x2f49 : [[40496, 1, 0]]
xs : [[40521, 17, 0], [41284, 1, 0], [42009, 275, 0]]
xtest : [[40564, 1, 0]]
xgradient : [[40748, 4, 0.1]]
xx2 : [[40799, 1, 0]]
xxx0 : [[40799, 3, 0]]
xx0 : [[40799, 2, 0]]
xyz : [[40929, 1, 0], [41419, 2, 0], [41557, 1, 0], [41738, 1, 0], [43767, 4, 0]]
xyz2rgb : [[40929, 1, 0], [41917, 1, 0]]
xcount : [[41000, 2, 0.2]]
x12 : [[41000, 2, 0.2], [42642, 1, 0]]
xori : [[41000, 2, 0.2]]
xming : [[41001, 3, 0]]
xquartz : [[41001, 2, 0]]
xeeus44932 : [[41047, 3, 0]]
xj5f99934 : [[41047, 1, 0]]
xiao : [[41055, 1, 0], [42460, 3, 0], [43458, 1, 0], [43737, 1, 0]]
xqueri : [[41067, 10, 0.4]]
xime : [[41067, 2, 0]]
xkeypoint : [[41119, 1, 0]]
xgaussian : [[41119, 1, 0]]
xwhether : [[41219, 1, 0]]
xthreshold : [[41219, 1, 0]]
xiniti : [[41219, 2, 0]]
xmlio : [[41230, 4, 1.0]]
xmlfilenam : [[41230, 4, 1.0]]
xraysgi : [[41284, 2, 0]]
xrang : [[41357, 2, 0]]
xlabel : [[41357, 1, 0]]
xz : [[41419, 2, 0]]
x791 : [[41599, 1, 0]]
xbeam : [[41619, 7, 0]]
xyz2lab : [[41917, 1, 0]]
xyz2luv : [[41917, 1, 0]]
xmlschema : [[42009, 12, 0]]
xmlbean : [[42009, 1, 0]]
xmln : [[42009, 15, 0]]
xsd : [[42009, 3, 0], [42205, 1, 0]]
xsi : [[42009, 6, 0], [43734, 5, 0]]
xpath : [[42009, 12, 0]]
xiaofan : [[42029, 2, 0.1]]
xadl : [[42205, 1, 0], [42892, 1, 0], [43323, 1, 0]]
xmin : [[42243, 1, 0]]
xmax : [[42243, 1, 0]]
xrmi : [[42344, 2, 0.2]]
xresolut : [[42468, 5, 0]]
xxxx0000 : [[42468, 1, 0]]
xinru : [[42918, 3, 5]]
xscale : [[42977, 1, 0]]
xkcd : [[43051, 1, 0]]
xent : [[43113, 1, 0]]
xianghua : [[43323, 1, 0]]
xvalu : [[43684, 2, 0]]
xmaximum : [[43684, 2, 0]]
xminimum : [[43684, 1, 0]]
xri : [[43734, 17, 0]]
xrx : [[43734, 1, 0]]
xrz : [[43734, 1, 0]]
xue : [[43737, 1, 0]]
xianp : [[43737, 4, 0]]
x4 : [[43767, 2, 0]]
xba : [[43767, 26, 0]]
xca : [[43767, 25, 0]]
xda : [[43767, 8, 0]]
xcrosscd : [[43767, 5, 0]]
xcrossdb : [[43767, 4, 0]]
xcrossbc : [[43767, 18, 0]]
xcirca : [[43767, 18, 0]]
x130 : [[43767, 1, 0]]
xxedwindagreatxx22 : [[44119, 1, 0]]
xcat : [[44209, 6, 0]]
xstringifi : [[44209, 1, 0]]
xiaozhu : [[44250, 1, 0]]
xianzheng : [[44250, 1, 0]]
xerox : [[44314, 2, 0.1], [44450, 6, 0], [44920, 8, 0], [45326, 2, 0.1], [45397, 1, 0], [45671, 1, 0], [45835, 3, 0.2], [46421, 2, 0], [46632, 9, 0.30000000000000004], [47921, 2, 0.1], [48191, 2, 0.1], [48556, 2, 0], [48557, 2, 0], [48691, 1, 0], [48720, 1, 0], [48919, 1, 0]]
xyxb : [[44324, 1, 0]]
xb : [[44324, 2, 0], [48060, 2, 0]]
xyb : [[44324, 1, 0]]
xml : [[44336, 4, 0], [44707, 23, 0.5], [44746, 4, 0], [45083, 1, 0], [45185, 2, 0], [45308, 23, 0], [45584, 1, 0], [45696, 8, 0.2], [45804, 2, 5], [45893, 2, 0], [45908, 2, 0.9], [45976, 2, 0], [46206, 2, 0], [46512, 4, 0.4], [46558, 1, 0], [46619, 2, 0.9], [46656, 1, 0], [47110, 4, 0], [47365, 11, 0], [47405, 59, 1.7000000000000004], [47416, 1, 0], [47469, 51, 0], [47735, 4, 0], [47755, 1, 0], [47849, 1, 0], [48013, 2, 0], [48046, 3, 0], [48064, 2, 0], [48436, 28, 0], [48562, 8, 0], [48664, 1, 0], [48687, 1, 0], [48747, 6, 2.7], [48794, 4, 0], [48863, 1, 0], [48985, 24, 0], [49056, 1, 0], [49332, 1, 0], [49446, 2, 0]]
xcode : [[44354, 1, 0], [44471, 1, 0], [44532, 1, 0], [44561, 1, 0], [44565, 1, 0], [44567, 1, 0], [44578, 1, 0], [44665, 1, 0], [44964, 1, 0], [45073, 1, 0], [45148, 1, 0], [45223, 1, 0], [45235, 1, 0], [45357, 1, 0], [45630, 2, 0], [45665, 1, 0], [45733, 1, 0], [45899, 1, 0], [45957, 1, 0], [46055, 1, 0], [46068, 1, 0], [46088, 1, 0], [46189, 1, 0], [46281, 1, 0], [46321, 1, 0], [46428, 1, 0], [46466, 1, 0], [46687, 1, 0], [46958, 1, 0], [47107, 1, 0], [47162, 1, 0], [47226, 1, 0], [47429, 1, 0], [47649, 1, 0], [47717, 1, 0], [47780, 1, 0], [47799, 1, 0], [47989, 1, 0], [48011, 1, 0], [48114, 1, 0], [48115, 1, 0], [48491, 1, 0], [48575, 1, 0], [48616, 1, 0], [48728, 1, 0], [49206, 1, 0], [49463, 1, 0], [49492, 1, 0], [49493, 1, 0], [49567, 1, 0], [49666, 1, 0], [49820, 1, 0]]
xah : [[44392, 1, 0], [46804, 2, 0], [49460, 1, 0]]
xslt : [[44523, 1, 0], [45584, 1, 0], [46656, 1, 0], [47469, 77, 8.8], [47755, 1, 0], [48664, 1, 0], [48687, 1, 0], [49332, 1, 0]]
x784 : [[44614, 1, 0]]
xfx : [[44626, 2, 0]]
xx : [[44639, 1, 0], [45397, 3, 0], [47267, 1, 0], [48436, 1, 0]]
xyz2rgb : [[44665, 5, 5]]
xyz : [[44665, 1, 0], [45014, 2, 0], [46506, 1, 0], [48265, 3, 0], [48594, 2, 0]]
xu : [[44681, 1, 0], [44707, 1, 0], [44782, 2, 0], [45677, 1, 0], [45773, 1, 0], [46869, 1, 0], [47628, 1, 0], [47731, 1, 0], [48071, 1, 0], [48116, 2, 0], [49310, 1, 0]]
xmark : [[44707, 1, 0]]
xqrl : [[44707, 1, 0]]
xqueri : [[44707, 25, 0.30000000000000004]]
xqse : [[44707, 1, 0]]
xperanto : [[44707, 1, 0]]
xsdm : [[44707, 2, 0.1]]
xime : [[44707, 5, 0.2]]
xdm : [[44707, 2, 0]]
xxdm : [[44707, 1, 0]]
xrd : [[44707, 2, 0.1]]
xi : [[44713, 1, 0], [44750, 2, 0], [45300, 4, 5.9], [45699, 2, 0.2], [46813, 2, 5], [47731, 1, 0], [48143, 1, 0], [49423, 1, 0], [49669, 1, 0]]
xp : [[44731, 2, 0], [45333, 8, 0], [45397, 4, 0], [47228, 2, 0.1], [47343, 1, 0], [48411, 2, 0.2], [48825, 2, 0]]
x1 : [[44750, 1, 0], [45397, 1, 0], [45443, 2, 0], [47226, 3, 0], [47474, 1, 0], [47755, 7, 0], [48077, 14, 0], [49493, 10, 0]]
x2 : [[44750, 1, 0], [45397, 1, 0], [45443, 2, 0], [47226, 3, 0], [47474, 1, 0], [47755, 3, 0], [48077, 15, 0], [49493, 14, 0]]
x3 : [[44750, 1, 0], [45662, 4, 0], [47474, 1, 0]]
xn : [[44750, 1, 0], [45397, 1, 0], [47755, 4, 0]]
xeditor : [[44782, 22, 0]]
xurl : [[44782, 12, 0]]
xbooktitl : [[44782, 11, 0]]
xauthor : [[44782, 1, 0]]
xisbn : [[44782, 3, 0]]
xdoi : [[44782, 10, 0]]
xee : [[44782, 1, 0]]
xpublish : [[44782, 2, 0]]
xaddress : [[44782, 3, 0]]
xu11 : [[44782, 1, 0]]
xseri : [[44782, 2, 0]]
xlocat : [[44782, 1, 0]]
xing : [[44782, 1, 0], [48071, 10, 0], [48693, 1, 0], [48792, 2, 0]]
xcrossref : [[44782, 3, 0]]
xiaogang : [[44782, 3, 0]]
xpage : [[44782, 1, 0]]
x86 : [[44801, 1, 0], [45630, 2, 0], [45916, 9, 0], [47140, 1, 0], [47901, 16, 0.8], [48116, 15, 0]]
xz : [[44832, 6, 0.30000000000000004], [47901, 2, 0], [48594, 4, 0]]
xy : [[44832, 2, 0.1], [45397, 3, 0], [46491, 4, 0.2], [47717, 2, 0], [47740, 2, 0], [48138, 1, 0], [48594, 4, 0], [48913, 1, 0], [49000, 1, 0]]
xiv : [[44855, 4, 5.9]]
xiii : [[44855, 1, 0], [49254, 1, 0]]
xv : [[44855, 1, 0]]
xt : [[44920, 1, 0], [45397, 3, 0]]
xview : [[44920, 1, 0]]
x11 : [[44940, 2, 0], [45397, 2, 0], [47901, 1, 0]]
xrandr : [[44940, 3, 0]]
xinguang : [[44955, 1, 0]]
xintens : [[44964, 1, 0]]
xie : [[44994, 1, 0], [46139, 2, 0]]
xmlio : [[45185, 6, 0.4]]
xmlurl : [[45185, 2, 0]]
xref : [[45397, 28, 0]]
x3358 : [[45397, 1, 0]]
xenix : [[45397, 14, 0]]
xxxxxxxxxxxxxxxxxxxxxxxxxxxxxxxxxxxxxxxxxxxxxxxxxxxxxxxxxxxxxx : [[45397, 4, 0]]
xlib : [[45397, 2, 0]]
xwindowattribut : [[45397, 1, 0]]
xcolormapev : [[45397, 1, 0]]
x2561 : [[45397, 1, 0]]
x3565 : [[45397, 1, 0]]
x75743 : [[45397, 1, 0]]
xyzzi : [[45397, 3, 0], [47365, 1, 0]]
x3563 : [[45397, 1, 0]]
x4993 : [[45397, 1, 0]]
xmpe40000 : [[45397, 1, 0]]
xr : [[45397, 5, 0]]
x3950 : [[45397, 1, 0]]
x4549 : [[45397, 1, 0]]
xanth : [[45397, 1, 0]]
x3596 : [[45397, 1, 0]]
xm960 : [[45397, 1, 0]]
x4996 : [[45397, 1, 0]]
xpublic : [[45397, 2, 0]]
xint : [[45397, 1, 0]]
xextern : [[45397, 2, 0]]
xputc : [[45397, 1, 0]]
xchar : [[45397, 1, 0]]
xfile : [[45397, 1, 0]]
xwindow : [[45397, 1, 0]]
xiaop : [[45416, 1, 0]]
xbox : [[45575, 1, 0]]
xlab : [[45610, 2, 0], [48434, 1, 0]]
xtest : [[45630, 1, 0]]
xdr : [[45901, 1, 0]]
xv6 : [[45916, 14, 0.2], [46916, 6, 0]]
xor : [[45995, 2, 0], [46552, 1, 0], [46581, 1, 0], [47008, 6, 0], [48265, 1, 0]]
xin : [[46047, 5, 6], [47628, 10, 0], [48071, 1, 0], [49355, 2, 0.2]]
xinninggui : [[46047, 1, 0]]
xipe : [[46128, 1, 0]]
xiao : [[46139, 1, 0], [47570, 1, 0]]
xiaoyan : [[46295, 2, 0]]
xe : [[46295, 1, 0]]
xxx : [[46311, 2, 0], [47172, 2, 0.9], [48436, 8, 0], [49021, 9, 0]]
xiaochun : [[46512, 3, 0]]
xguard : [[46512, 2, 0.2]]
xxxv : [[46611, 1, 0]]
xsoft : [[46632, 3, 0.1]]
xtraterr : [[46672, 2, 0.2]]
xplormath : [[46804, 1, 0]]
xyzx : [[46849, 1, 0]]
xianp : [[47001, 1, 0]]
xiangen : [[47001, 1, 0]]
xnet : [[47067, 1, 0]]
x64 : [[47162, 1, 0], [47682, 2, 0.2]]
xfig : [[47208, 8, 0.8]]
xinru : [[47211, 3, 5], [48983, 6, 5]]
xresolut : [[47215, 1, 0], [49345, 7, 0]]
xlsm : [[47223, 1, 0]]
xp1 : [[47226, 3, 0]]
xp2 : [[47226, 3, 0]]
xxxx : [[47365, 3, 0], [48436, 19, 0], [48747, 2, 0.9]]
xl : [[47397, 2, 0.6]]
xsl : [[47469, 204, 0]]
xalan : [[47469, 1, 0]]
xmln : [[47469, 14, 0], [48794, 1, 0]]
xpath : [[47469, 9, 0]]
xs : [[47469, 4, 0]]
xmlschema : [[47469, 1, 0]]
x5 : [[47474, 1, 0]]
x6 : [[47474, 1, 0]]
x9 : [[47474, 1, 0]]
xwati : [[47482, 1, 0]]
xikui : [[47520, 1, 0], [48071, 1, 0]]
xianghong : [[47613, 1, 0]]
xianghua : [[47628, 1, 0]]
xiankang : [[47628, 1, 0]]
xiaojuan : [[47628, 1, 0]]
xargument : [[47717, 17, 0]]
xdata : [[47717, 1, 0]]
xnon : [[47717, 4, 0]]
xinput : [[47717, 1, 0]]
xiong : [[47731, 1, 0]]
xia : [[47731, 1, 0]]
xuan : [[47731, 2, 0], [49780, 1, 0]]
xstringifi : [[47799, 1, 0]]
xcat : [[47799, 1, 0]]
xzf : [[47901, 1, 0]]
xjf : [[47901, 2, 0]]
xquartz : [[47901, 1, 0]]
xd : [[48017, 8, 0]]
xtra : [[48025, 5, 0.2]]
xrds12 : [[48046, 1, 0]]
xmapper : [[48046, 1, 0]]
xadl : [[48046, 1, 0], [48825, 21, 6], [49056, 1, 0]]
xtune : [[48071, 2, 0], [48244, 2, 0.1]]
x0 : [[48077, 1, 0]]
xinglonb : [[48116, 1, 0]]
xpect : [[48213, 4, 0]]
xilinx : [[48244, 1, 0]]
xxxx99x : [[48248, 1, 0]]
xhtml : [[48410, 1, 0], [49160, 1, 0]]
xavier : [[48594, 1, 0]]
xyzr : [[48594, 1, 0]]
xyo : [[48594, 4, 0]]
xoz : [[48594, 4, 0]]
xmp : [[48612, 1, 0]]
xseed : [[48648, 1, 0]]
xti : [[48770, 1, 0]]
xss : [[48922, 1, 0]]
xanadu : [[49104, 1, 0]]
x792 : [[49249, 1, 0]]
xuhua : [[49261, 2, 0.2]]
xiaomin : [[49261, 2, 0.2]]
xuzha : [[49310, 1, 0]]
x841 : [[49357, 1, 0]]
xcontent : [[49372, 1, 0]]
xvii : [[49423, 1, 0]]
xxb1 : [[49534, 4, 0]]
xma : [[49623, 4, 5.9]]
xconq : [[49673, 1, 0]]
xplore : [[49675, 1, 0]]
xscale : [[49699, 1, 0]]
xiunan : [[49780, 1, 0]]
xxuan : [[49780, 1, 0]]
xgrsdb7tmjymuh : [[49790, 1, 0]]
xtk : [[49831, 4, 0.6000000000000001]]
xcode : [[49870, 1, 0], [49871, 1, 0], [49874, 1, 0], [49882, 1, 0], [50308, 1, 0], [50385, 1, 0], [50434, 1, 0], [50561, 1, 0], [50651, 1, 0], [50864, 1, 0], [50872, 1, 0], [50979, 1, 0], [51306, 1, 0], [51501, 1, 0], [51614, 1, 0], [51853, 1, 0], [52019, 1, 0], [52388, 1, 0], [52597, 1, 0], [52625, 1, 0], [52711, 1, 0], [52786, 1, 0], [52936, 1, 0], [53005, 1, 0], [53019, 1, 0], [53028, 1, 0], [53121, 1, 0], [53167, 1, 0], [53398, 1, 0], [53565, 1, 0], [53570, 1, 0], [53612, 1, 0]]
xintens : [[49874, 1, 0]]
xargument : [[49882, 1, 0]]
xkeypoint : [[49882, 1, 0]]
xx : [[49882, 1, 0], [50102, 2, 0], [51323, 1, 0], [51482, 10, 0]]
xxx : [[49938, 1, 0], [51086, 1, 0], [51632, 2, 0.9], [52139, 2, 0], [52501, 1, 0], [53525, 1, 0]]
xemac : [[49940, 2, 0]]
xanadu : [[49940, 2, 0]]
xantha : [[49940, 2, 0]]
xanth : [[49940, 2, 0]]
xanthipp : [[49940, 3, 0]]
xanthochroi : [[49940, 2, 0]]
xanthoura : [[49940, 2, 0]]
xanthoxylum : [[49940, 2, 0]]
xanthu : [[49940, 2, 0]]
xantipp : [[49940, 1, 0]]
xavier : [[49940, 2, 0]]
xaviera : [[49940, 2, 0]]
xavler : [[49940, 2, 0]]
xe : [[49940, 1, 0], [51601, 8, 0]]
xema : [[49940, 2, 0]]
xena : [[49940, 2, 0]]
xenaki : [[49940, 2, 0]]
xenarthra : [[49940, 2, 0]]
xenia : [[49940, 5, 0]]
xeno : [[49940, 3, 0]]
xenocr : [[49940, 2, 0]]
xenophan : [[49940, 2, 0]]
xenophon : [[49940, 2, 0]]
xenopu : [[49940, 3, 0]]
xenuru : [[49940, 2, 0]]
xere : [[49940, 2, 0]]
xeriscap : [[49940, 2, 0]]
xerox : [[49940, 9, 0], [50610, 2, 0.1], [50804, 2, 0.7], [51152, 1, 0], [51453, 2, 0.1], [52153, 2, 0.1], [52191, 2, 0.1], [52571, 2, 0.9], [52945, 1, 0], [53663, 2, 0], [53737, 2, 0.1], [53896, 1, 0], [54063, 1, 0], [54616, 1, 0], [54978, 1, 0]]
xer : [[49940, 1, 0]]
xerx : [[49940, 2, 0]]
xever : [[49940, 2, 0]]
xhosa : [[49940, 3, 0]]
xhosan : [[49940, 2, 0]]
xi : [[49940, 3, 0], [53417, 1, 0]]
xiamen : [[49940, 2, 0]]
xian : [[49940, 2, 0]]
xiaop : [[49940, 2, 0]]
ximena : [[49940, 2, 0]]
ximenean : [[49940, 2, 0]]
ximen : [[49940, 2, 0]]
ximenez : [[49940, 2, 0]]
xingu : [[49940, 2, 0]]
xiongnu : [[49940, 2, 0]]
xiphia : [[49940, 2, 0]]
xiphiida : [[49940, 2, 0]]
xiphosura : [[49940, 2, 0]]
xizang : [[49940, 2, 0]]
xma : [[49940, 2, 0], [52117, 1, 0]]
xmase : [[49940, 1, 0]]
xnti : [[49940, 2, 0]]
xochipilli : [[49940, 2, 0]]
xosa : [[49940, 2, 0]]
xt : [[49940, 1, 0]]
xuthu : [[49940, 2, 0]]
xuzhou : [[49940, 2, 0]]
xylia : [[49940, 2, 0]]
xylina : [[49940, 2, 0]]
xylocain : [[49940, 2, 0]]
xylon : [[49940, 3, 0]]
xylonit : [[49940, 2, 0]]
xylophaga : [[49940, 2, 0]]
xylopia : [[49940, 2, 0]]
xymen : [[49940, 2, 0]]
xyridacea : [[49940, 2, 0]]
xyridal : [[49940, 2, 0]]
xyri : [[49940, 2, 0]]
xantham : [[49940, 1, 0]]
xanthan : [[49940, 2, 0]]
xanthat : [[49940, 3, 0]]
xanthein : [[49940, 3, 0]]
xanthen : [[49940, 3, 0]]
xanthian : [[49940, 1, 0]]
xanthic : [[49940, 1, 0]]
xanthin : [[49940, 6, 0]]
xanthium : [[49940, 1, 0]]
xanthochroia : [[49940, 1, 0]]
xanthochro : [[49940, 4, 0]]
xanthochroid : [[49940, 2, 0]]
xanthochromia : [[49940, 1, 0]]
xanthoma : [[49940, 3, 0]]
xanthomata : [[49940, 1, 0]]
xanthomatos : [[49940, 1, 0]]
xanthomatosi : [[49940, 1, 0]]
xanthomat : [[49940, 1, 0]]
xanthomelan : [[49940, 1, 0]]
xanthon : [[49940, 2, 0]]
xanthophyl : [[49940, 5, 0]]
xanthopsia : [[49940, 1, 0]]
xanthopterin : [[49940, 1, 0]]
xanthou : [[49940, 1, 0]]
xanthoxyl : [[49940, 1, 0]]
xebec : [[49940, 3, 0]]
xenarthr : [[49940, 1, 0]]
xenial : [[49940, 1, 0]]
xenic : [[49940, 1, 0]]
xenium : [[49940, 1, 0]]
xenobiot : [[49940, 2, 0]]
xenocryst : [[49940, 3, 0]]
xenodiagnos : [[49940, 1, 0]]
xenodiagnosi : [[49940, 2, 0]]
xenodiagnost : [[49940, 1, 0]]
xenodochium : [[49940, 2, 0]]
xenogami : [[49940, 3, 0]]
xenogen : [[49940, 3, 0]]
xenogenes : [[49940, 1, 0]]
xenogenesi : [[49940, 2, 0]]
xenogenet : [[49940, 1, 0]]
xenogeni : [[49940, 2, 0]]
xenoglossia : [[49940, 2, 0]]
xenograft : [[49940, 2, 0]]
xenolith : [[49940, 4, 0]]
xenomania : [[49940, 1, 0]]
xenomorph : [[49940, 1, 0]]
xenon : [[49940, 3, 0]]
xenophil : [[49940, 5, 0]]
xenophilia : [[49940, 2, 0]]
xenophob : [[49940, 5, 0]]
xenophobia : [[49940, 3, 0]]
xenophobi : [[49940, 1, 0]]
xenophya : [[49940, 1, 0]]
xenoplast : [[49940, 1, 0]]
xenopus : [[49940, 1, 0]]
xenotim : [[49940, 1, 0]]
xenotranspl : [[49940, 2, 0]]
xenotransplant : [[49940, 2, 0]]
xenotrop : [[49940, 1, 0]]
xenurin : [[49940, 1, 0]]
xerafin : [[49940, 2, 0]]
xeransi : [[49940, 1, 0]]
xeranthemum : [[49940, 2, 0]]
xerant : [[49940, 1, 0]]
xeraphin : [[49940, 2, 0]]
xerarch : [[49940, 1, 0]]
xerasia : [[49940, 1, 0]]
xeric : [[49940, 4, 0]]
xerochasi : [[49940, 1, 0]]
xeroderma : [[49940, 3, 0]]
xerodermata : [[49940, 1, 0]]
xerodermat : [[49940, 2, 0]]
xerodermia : [[49940, 2, 0]]
xeroderm : [[49940, 1, 0]]
xerograph : [[49940, 4, 0]]
xerographi : [[49940, 3, 0]]
xeroma : [[49940, 2, 0]]
xeromata : [[49940, 1, 0]]
xeromorph : [[49940, 4, 0]]
xerophagi : [[49940, 2, 0]]
xerophil : [[49940, 2, 0]]
xerophili : [[49940, 2, 0]]
xerophthalmia : [[49940, 3, 0]]
xerophthalm : [[49940, 1, 0]]
xerophyt : [[49940, 8, 0]]
xeroradiographi : [[49940, 2, 0]]
xeroser : [[49940, 3, 0]]
xeros : [[49940, 1, 0]]
xerosi : [[49940, 2, 0]]
xerostoma : [[49940, 1, 0]]
xerostomia : [[49940, 2, 0]]
xerot : [[49940, 2, 0]]
xerotherm : [[49940, 1, 0]]
xerotripsi : [[49940, 1, 0]]
xeru : [[49940, 1, 0]]
xerus : [[49940, 1, 0]]
xiphihumerali : [[49940, 1, 0]]
xiphihumeralis : [[49940, 1, 0]]
xiphiplastr : [[49940, 1, 0]]
xiphiplastron : [[49940, 2, 0]]
xiphisterna : [[49940, 1, 0]]
xiphistern : [[49940, 1, 0]]
xiphisternum : [[49940, 3, 0]]
xiphoid : [[49940, 3, 0]]
xiphopag : [[49940, 2, 0]]
xiphopagu : [[49940, 1, 0]]
xiphopagus : [[49940, 1, 0]]
xiphophyl : [[49940, 1, 0]]
xiphosuran : [[49940, 3, 0]]
xoana : [[49940, 1, 0]]
xoanon : [[49940, 2, 0]]
xylan : [[49940, 3, 0]]
xylem : [[49940, 3, 0]]
xylen : [[49940, 3, 0]]
xylenol : [[49940, 2, 0]]
xylic : [[49940, 1, 0]]
xylidin : [[49940, 5, 0]]
xylitol : [[49940, 2, 0]]
xylobalsamum : [[49940, 1, 0]]
xylocarp : [[49940, 4, 0]]
xylochrom : [[49940, 1, 0]]
xylogen : [[49940, 2, 0]]
xylograph : [[49940, 11, 0]]
xylographi : [[49940, 3, 0]]
xyloid : [[49940, 1, 0]]
xyloidin : [[49940, 2, 0]]
xylol : [[49940, 3, 0]]
xylolog : [[49940, 1, 0]]
xyloma : [[49940, 2, 0]]
xylomata : [[49940, 1, 0]]
xylomet : [[49940, 2, 0]]
xylophagan : [[49940, 2, 0]]
xylophag : [[49940, 4, 0]]
xylophil : [[49940, 1, 0]]
xylophon : [[49940, 4, 0]]
xylophonist : [[49940, 2, 0]]
xylopyrographi : [[49940, 1, 0]]
xylorimba : [[49940, 2, 0]]
xylos : [[49940, 3, 0]]
xylotomi : [[49940, 3, 0]]
xylotomist : [[49940, 3, 0]]
xylotom : [[49940, 1, 0]]
xylotypograph : [[49940, 1, 0]]
xylotypographi : [[49940, 1, 0]]
xylyl : [[49940, 3, 0]]
xyridac : [[49940, 1, 0]]
xyst : [[49940, 3, 0]]
xyster : [[49940, 3, 0]]
xysti : [[49940, 1, 0]]
xystoi : [[49940, 1, 0]]
xysto : [[49940, 1, 0]]
xystu : [[49940, 1, 0]]
xystus : [[49940, 1, 0]]
xeclips : [[50043, 1, 0]]
xmlio : [[50161, 1, 0]]
x86 : [[50164, 6, 0.6000000000000001], [51237, 6, 0.6000000000000001], [51537, 4, 0.4]]
xml : [[50170, 364, 36.89999999999997], [50196, 3, 0], [50329, 2, 0], [50649, 2, 0], [51392, 1, 0], [51436, 4, 0], [51571, 18, 0], [51882, 4, 0.2], [51972, 1, 0], [52028, 2, 0], [52040, 1, 0], [52237, 2, 0], [52334, 2, 0], [52692, 4, 0], [52741, 4, 0], [52983, 1, 0], [53015, 7, 0], [53178, 1, 0], [53218, 2, 0], [55374, 5, 0.2], [55380, 2, 0.2]]
xxxx : [[50170, 22, 0]]
xmln : [[50170, 43, 0]]
xfile : [[50170, 2, 0]]
xu : [[50196, 1, 0], [50671, 1, 0], [51270, 3, 0], [51323, 1, 0], [51480, 10, 6.0], [52501, 1, 0], [52836, 1, 0], [52968, 1, 0], [53849, 2, 0.2], [53995, 1, 0], [54602, 1, 0], [55244, 1, 0.2], [55307, 2, 0.2], [55335, 2, 0.2], [55348, 2, 0.2], [55349, 1, 0]]
xing : [[50266, 11, 0], [52836, 1, 0], [55365, 1, 0]]
xiaofan : [[50272, 2, 0.1]]
xmkdir : [[50308, 4, 5]]
x821 : [[50397, 1, 0], [50633, 1, 0]]
xie : [[50488, 1, 0], [51237, 2, 0.2], [51280, 1, 0], [53631, 1, 0], [53963, 1, 0], [54656, 2, 0.2]]
xiujuan : [[50524, 1, 0]]
xcat : [[50534, 30, 0]]
xcat5 : [[50534, 1, 0]]
x1 : [[50558, 5, 0], [51513, 9, 0], [52323, 3, 0], [52456, 1, 0], [53060, 3, 0]]
x2 : [[50558, 5, 0], [53060, 2, 0]]
xqbwx2 : [[50649, 1, 0]]
xv6 : [[50790, 4, 6], [52656, 4, 6]]
xo : [[50939, 4, 0]]
x790 : [[50953, 1, 0]]
xiaochen : [[50988, 1, 0], [55290, 1, 0]]
xaa09315 : [[51032, 2, 0]]
xl : [[51063, 1, 0], [51513, 4, 0], [53026, 2, 0], [53075, 1, 0]]
xcji : [[51106, 1, 0]]
xj1ppss88awicvbg8lkabcs2anumcobxvwpfg38mzkdya39psh92ha11vgqs7hqgexaakj5lvac0cebsoapqcomrytns59kqhij78jwjoph : [[51106, 1, 0]]
xvw5 : [[51106, 1, 0]]
xckre8kohxhtork9dxs1xqk2dliqfc2rk9xkfwdzvqvnhtaamdomnr : [[51106, 1, 0]]
xxxxxx : [[51237, 1, 0]]
xzvf : [[51482, 1, 0]]
xlsreadwrit : [[51513, 1, 0], [51601, 1, 0], [53026, 1, 0]]
xlab : [[51513, 7, 0], [51601, 11, 0], [53026, 6, 0]]
xlim : [[51513, 3, 0], [51601, 2, 0]]
x823 : [[51535, 1, 0]]
xp : [[51537, 2, 0.2]]
xampl : [[51538, 1, 0]]
xebar : [[51601, 6, 0]]
xkcd : [[51649, 1, 0]]
xiarmando : [[51786, 3, 0]]
xih3 : [[51786, 2, 0]]
xis2 : [[51786, 1, 0]]
xuanm : [[51786, 1, 0]]
xwindow : [[51800, 2, 0]]
xu3 : [[51871, 1, 0]]
x3 : [[51945, 1, 0]]
xslt : [[51972, 1, 0], [52983, 1, 0]]
xor : [[52267, 1, 0], [52394, 1, 0]]
xn : [[52323, 6, 0]]
xk : [[52323, 3, 0]]
xadl : [[52334, 1, 0]]
xhtml : [[52334, 1, 0]]
x01 : [[52394, 1, 0]]
x01z : [[52394, 1, 0]]
xah : [[52406, 3, 0]]
xo1 : [[52484, 1, 0]]
xo1z : [[52484, 1, 0]]
xy : [[52501, 1, 0], [53064, 1, 0], [53167, 3, 0]]
xiaohui : [[52590, 1, 0], [53631, 1, 0]]
xyz2luv : [[52625, 5, 5]]
xyz : [[52625, 1, 0], [53616, 2, 0]]
xyz2lab : [[52625, 1, 0]]
xiaojuan : [[52836, 1, 0]]
xiao : [[52836, 2, 0]]
xia : [[52836, 1, 0]]
xiaohong : [[52836, 1, 0]]
xuanj : [[52836, 1, 0]]
xin : [[52836, 1, 0], [53592, 2, 0], [53900, 1, 0], [53931, 2, 0], [53995, 1, 0], [55244, 2, 0.2]]
xiaobai : [[52836, 1, 0]]
xuewen : [[52836, 1, 0]]
xeon : [[53191, 1, 0]]
xxxxxxxxx : [[53206, 2, 0.2]]
xxxxx : [[53206, 1, 0]]
xscale : [[53320, 1, 0]]
xistrat : [[53339, 1, 0]]
xd6 : [[53470, 1, 0]]
xz : [[53564, 2, 0]]
xticklabel : [[53570, 3, 0]]
xlabel : [[53570, 3, 0]]
xbox : [[53830, 2, 0]]
xiangyu : [[53995, 1, 0], [54487, 2, 0.2]]
xiangyj5 : [[53995, 1, 0]]
xiaomi : [[53995, 1, 0]]
xiaoml6 : [[53995, 1, 0]]
xuan : [[53995, 1, 0], [55290, 1, 0]]
xshi6 : [[53995, 1, 0]]
xinxin : [[53995, 1, 0]]
xinxinz6 : [[53995, 1, 0]]
xianghua : [[54194, 5, 6], [54362, 2, 0.5], [54618, 1, 0]]
xtractaur : [[54221, 2, 0.9]]
xxooc : [[54327, 1, 0]]
xuunivers : [[55244, 1, 0]]
xuey : [[55244, 1, 0.2]]
xihong : [[55244, 1, 0.2]]
xingp : [[55287, 1, 0]]
xiwen : [[55290, 1, 0]]
xianyang : [[55348, 2, 0.2]]
xingbo : [[55365, 5, 0]]
xdir : [[55374, 1, 0]]
xftp : [[55374, 1, 0]]
xvf : [[55377, 1, 0], [55378, 1, 0]]
xtune : [[55387, 2, 0.2], [55388, 2, 0.2], [55389, 2, 0.2]]
xtune : [[55390, 3, 0.2], [55391, 2, 0.2], [55392, 3, 0.2]]
